Postcode	age18_24	age25_34	age35_54	age_55	genderMale	employed	selfEmployed	student	eduLower	eduMid	eduUni	license	commuteBike	commutePT	commuteNS	distWork	usedUber	hhSize	hhChild	nbrCarHH	incLevel_30k	incLevel30_60k	incLevel60k	csMember	choice
3014	0	0	0	1	0	1	0	0	1	0	0	0	1	0	0	4	0	1	0	1	0	0	1	1	0
1011	0	1	0	0	0	1	0	0	1	0	0	0	0	1	0	4	0	1	0	1	0	0	1	1	3
1012	0	0	1	0	1	0	1	0	0	0	1	1	1	0	0	2	0	0	0	0	0	0	0	0	0
2544	0	0	1	0	1	1	0	0	0	1	0	1	1	0	0	5	0	5	2	2	0	1	0	1	0
3523	0	1	0	0	1	1	0	0	0	0	1	1	1	0	0	2	0	1	0	1	0	1	0	1	4
2564	0	1	0	0	0	1	0	0	0	0	1	0	1	0	0	2	0	1	0	1	1	0	0	0	2
3583	0	0	1	0	0	0	1	0	0	0	1	1	0	0	0	2	0	1	0	2	0	0	1	0	0
2553	0	0	1	0	1	1	0	0	0	0	1	1	0	1	0	4	0	4	2	2	0	1	0	0	2
2521	0	0	1	0	1	1	0	0	0	1	0	1	1	1	0	3	0	5	3	2	0	1	0	0	0
2522	0	0	1	0	0	1	0	0	0	1	0	1	1	1	0	2	0	3	2	2	0	1	0	0	1
1096	0	1	0	0	0	1	0	0	0	0	1	1	0	0	0	5	0	2	0	2	0	1	0	0	2
1016	0	1	0	0	0	0	1	0	0	0	1	1	0	0	0	0	0	2	0	1	0	0	0	0	4
1060	0	0	1	0	0	1	0	0	0	1	0	1	1	0	0	4	0	5	3	3	0	1	0	0	3
3061	0	1	0	0	0	0	1	0	0	0	1	1	1	1	1	4	0	2	0	2	0	0	0	1	2
2562	1	0	0	0	1	1	0	0	0	1	0	1	0	0	0	5	0	4	3	3	0	0	1	1	3
1078	0	1	0	0	1	1	0	0	0	1	0	1	0	0	0	3	0	2	0	2	0	0	0	0	0
1063	0	1	0	0	1	1	0	0	0	1	0	1	0	0	0	4	0	1	0	2	1	0	0	1	0
2517	0	0	1	0	1	1	0	0	0	0	1	1	1	1	1	6	0	2	0	2	0	0	1	0	4
3086	0	1	0	0	1	0	0	1	0	1	0	1	0	1	0	4	0	2	0	1	1	0	0	0	3
2526	0	0	1	0	0	1	0	0	0	0	1	1	1	1	0	3	0	1	0	1	0	1	0	1	0
3584	1	0	0	0	0	1	0	0	0	1	0	1	1	1	0	2	0	3	0	1	0	0	0	0	0
3023	1	0	0	0	1	1	0	0	0	1	0	0	1	1	0	4	0	2	0	1	0	0	0	0	1
1034	0	0	0	1	0	1	0	0	0	1	0	1	0	1	0	4	0	6	2	2	1	0	0	1	1
3583	0	0	1	0	1	1	0	0	0	0	1	1	0	0	0	4	1	1	0	2	0	1	0	0	4
3526	0	0	1	0	1	1	0	0	0	0	1	1	1	1	0	2	0	2	0	2	0	0	1	0	3
3026	0	0	0	1	1	0	1	0	0	1	0	1	0	0	0	1	0	1	0	1	1	0	0	0	1
3533	0	0	1	0	1	1	0	0	0	0	1	1	1	0	0	2	0	4	2	2	0	0	1	0	1
2542	0	0	1	0	1	1	0	0	0	0	1	1	1	1	0	5	0	4	1	3	0	1	0	1	0
1077	1	0	0	0	0	0	0	1	0	1	0	1	1	0	0	2	0	4	1	2	0	1	0	0	1
2543	0	0	1	0	1	1	0	0	0	1	0	1	1	1	0	5	0	4	2	2	0	1	0	0	2
3571	0	0	0	1	0	1	0	0	0	0	1	1	1	0	0	3	0	3	1	2	0	1	0	0	2
3068	0	0	1	0	0	1	0	0	0	1	0	1	1	1	0	4	0	1	0	2	0	1	0	1	3
3511	0	1	0	0	1	1	0	0	0	0	1	1	1	1	1	7	0	2	0	2	0	0	1	0	1
3085	0	0	1	0	0	1	0	0	0	1	0	1	1	1	0	2	0	2	1	2	1	0	0	0	2
3074	0	0	1	0	0	1	0	0	0	0	1	1	1	1	0	2	0	4	2	2	0	0	1	0	3
2512	1	0	0	0	1	0	0	1	0	1	0	1	0	1	0	4	0	1	0	2	0	1	0	0	0
3544	0	0	1	0	0	1	0	0	0	1	0	1	0	1	0	3	1	4	0	3	0	1	0	0	4
1018	0	0	0	1	0	1	0	0	0	0	1	1	1	0	0	2	1	1	0	2	0	1	0	0	0
1069	0	1	0	0	1	1	0	0	0	0	1	1	0	1	0	3	0	2	0	1	0	1	0	0	0
3531	1	0	0	0	0	0	0	1	0	1	0	1	1	0	0	2	1	2	0	1	0	1	0	0	1
1094	0	0	0	1	1	1	0	0	0	1	0	1	0	1	0	4	0	2	0	2	0	1	0	0	1
2592	0	0	0	1	0	1	0	0	0	1	0	1	1	0	0	2	0	2	0	2	1	0	0	0	2
1061	1	0	0	0	0	0	0	1	0	1	0	0	1	1	0	2	0	8	3	2	0	0	0	0	1
2533	0	0	1	0	1	1	0	0	0	0	1	1	0	0	0	7	0	1	0	1	0	1	0	0	0
3083	0	1	0	0	1	1	0	0	1	0	0	1	0	1	0	3	0	2	0	2	0	1	0	0	2
3059	0	0	1	0	0	1	0	0	0	1	0	1	0	0	0	3	0	0	0	0	0	0	0	0	4
3082	0	1	0	0	0	1	0	0	0	0	1	1	1	1	0	2	1	2	0	2	0	1	0	0	1
1021	0	0	1	0	1	1	0	0	0	0	1	0	1	0	0	3	0	1	0	1	0	1	0	0	2
3056	0	1	0	0	0	1	0	0	0	0	1	1	0	0	0	4	1	3	0	3	0	1	0	0	2
1087	0	0	1	0	1	1	0	0	0	0	1	1	0	0	0	5	0	2	0	2	0	0	1	0	4
3086	1	0	0	0	1	1	0	0	0	1	0	1	0	1	0	3	0	3	2	2	0	0	1	0	3
3043	0	0	0	1	0	1	0	0	1	0	0	1	1	0	0	3	1	2	0	2	0	0	0	0	0
1063	0	0	1	0	0	1	0	0	0	0	1	0	1	0	0	2	0	1	0	1	0	0	0	0	0
3551	0	1	0	0	1	1	0	0	0	0	1	1	0	0	1	5	0	2	0	2	0	1	0	0	4
3079	0	0	1	0	0	1	0	0	1	0	0	0	0	1	0	3	0	2	0	2	0	1	0	0	1
2571	1	0	0	0	1	0	0	1	1	0	0	0	0	1	1	4	0	2	0	1	1	0	0	0	2
3523	0	0	1	0	1	1	0	0	0	0	1	1	1	0	1	5	0	1	0	1	0	1	0	0	1
1057	0	0	0	1	1	0	1	0	0	0	1	1	1	0	1	3	0	5	1	2	0	1	0	1	3
3071	0	1	0	0	0	1	0	0	0	1	0	1	0	1	0	3	1	1	0	2	1	0	0	0	4
3083	0	1	0	0	1	1	0	0	0	1	0	1	0	0	0	6	1	1	0	1	0	1	0	0	0
1068	0	0	1	0	1	1	0	0	0	0	1	1	0	0	0	5	0	1	0	2	1	0	0	0	1
2525	0	0	1	0	1	1	0	0	0	1	0	1	0	0	0	2	0	5	2	2	0	0	0	0	0
3541	0	0	1	0	1	1	0	0	0	1	0	0	1	0	0	3	0	5	3	1	0	0	0	0	1
3554	0	0	1	0	0	1	0	0	0	0	1	1	0	0	1	7	0	3	1	1	0	0	1	1	1
3079	0	0	1	0	1	1	0	0	0	0	1	1	1	1	0	4	0	3	1	2	0	1	0	1	0
2548	0	0	1	0	1	1	0	0	1	0	0	1	0	0	0	4	0	4	1	2	0	1	0	0	4
3024	0	0	1	0	0	0	1	0	0	1	0	1	1	1	0	5	0	9	7	2	0	0	0	1	3
1055	0	1	0	0	1	1	0	0	0	0	1	1	0	0	0	6	1	2	0	2	0	1	0	0	3
3514	0	0	1	0	0	1	0	0	0	0	1	1	1	0	0	3	0	1	0	1	0	1	0	0	3
3059	1	0	0	0	0	0	0	1	0	1	0	1	0	1	1	6	0	4	0	4	0	0	0	0	0
1034	0	0	0	1	0	1	0	0	0	1	0	1	1	0	0	2	0	1	0	1	1	0	0	0	1
3533	0	1	0	0	1	1	0	0	0	0	1	0	0	0	1	5	1	2	0	2	0	1	0	0	3
3034	0	0	1	0	0	1	0	0	0	0	1	1	0	0	0	4	0	3	0	3	0	0	0	0	0
3083	0	1	0	0	0	0	1	0	0	0	1	1	0	1	0	5	0	2	0	2	0	1	0	0	1
2548	0	0	1	0	1	1	0	0	0	0	1	1	1	0	0	3	0	5	3	3	0	0	1	0	1
1021	0	0	1	0	0	1	0	0	0	1	0	1	1	0	0	2	0	1	0	2	1	0	0	0	4
2544	0	0	1	0	0	1	0	0	0	1	0	1	1	1	0	5	0	4	2	2	0	1	0	0	3
1064	0	0	0	1	0	1	0	0	0	1	0	0	1	1	0	2	0	3	0	2	1	0	0	0	1
3527	0	0	1	0	0	1	0	0	0	0	1	0	1	0	0	2	0	2	0	1	0	0	0	0	2
2498	0	0	1	0	1	1	0	0	0	0	1	1	0	0	0	5	0	5	3	2	0	0	0	0	0
1054	0	1	0	0	1	1	0	0	0	0	1	1	1	1	0	2	0	2	0	3	0	0	1	0	1
3526	1	0	0	0	1	1	0	0	0	0	1	1	1	1	1	3	0	2	0	1	0	1	0	0	1
1034	0	0	0	1	1	1	0	0	0	1	0	1	0	1	0	4	0	6	2	2	1	0	0	1	3
3055	0	0	1	0	1	1	0	0	0	0	1	1	0	1	0	4	0	4	2	2	0	1	0	1	3
3073	1	0	0	0	0	1	0	0	0	0	1	1	1	1	1	5	0	1	0	4	0	1	0	1	0
1015	1	0	0	0	0	1	0	0	0	0	1	1	1	1	0	1	0	2	0	1	0	0	0	0	2
3543	0	0	1	0	0	1	0	0	0	0	1	1	0	0	0	5	0	2	0	1	0	0	1	0	0
1072	0	0	1	0	1	0	1	0	0	0	1	1	0	0	0	0	0	4	2	2	0	1	0	0	0
3042	0	0	1	0	1	0	1	0	0	1	0	1	0	0	0	6	1	2	1	2	0	0	1	0	2
1081	0	0	0	1	1	1	0	0	0	0	1	1	0	0	0	4	0	1	0	1	0	0	1	0	4
3553	0	1	0	0	0	1	0	0	0	1	0	1	1	0	0	2	1	1	0	1	1	0	0	0	2
3035	0	0	1	0	0	1	0	0	0	0	1	0	1	1	0	2	0	1	0	1	0	0	0	0	4
3072	1	0	0	0	0	1	0	0	0	1	0	0	1	1	0	1	1	3	1	2	1	0	0	0	1
1013	0	1	0	0	1	1	0	0	0	1	0	1	1	1	0	3	0	2	0	1	1	0	0	0	1
3523	0	0	1	0	1	1	0	0	1	0	0	1	1	0	0	4	0	3	1	1	1	0	0	0	3
3563	0	0	1	0	0	1	0	0	0	1	0	1	1	0	0	2	0	4	0	3	0	0	1	0	0
2574	0	1	0	0	0	1	0	0	0	0	1	1	1	0	0	3	0	2	0	2	0	0	0	0	3
3034	0	1	0	0	0	1	0	0	0	1	0	1	0	0	1	6	0	1	0	2	1	0	0	1	2
1078	0	0	1	0	1	1	0	0	0	1	0	1	0	0	0	7	0	2	0	1	0	0	1	0	0
2591	0	0	1	0	0	1	0	0	0	1	0	1	1	1	0	5	0	2	1	2	0	1	0	1	3
1015	0	0	1	0	0	0	1	0	0	0	1	0	1	0	0	2	0	1	0	1	1	0	0	0	4
1078	1	0	0	0	1	0	0	1	0	0	1	1	1	1	0	3	0	2	0	2	0	0	0	0	3
1069	1	0	0	0	1	0	0	1	0	1	0	1	0	1	0	3	0	1	0	1	1	0	0	0	2
3077	0	1	0	0	0	1	0	0	0	0	1	1	1	0	0	3	0	2	0	3	0	1	0	0	2
1034	0	0	0	1	1	1	0	0	0	1	0	1	0	1	1	4	0	2	0	2	0	1	0	0	3
2547	0	0	1	0	1	1	0	0	1	0	0	1	0	0	0	4	0	4	1	2	0	1	0	0	0
1066	0	0	1	0	1	1	0	0	0	1	0	1	1	0	0	2	0	3	1	2	0	0	1	0	3
2563	0	0	1	0	1	1	0	0	0	0	1	1	0	0	0	5	0	2	0	3	0	0	1	0	0
2545	0	0	1	0	0	1	0	0	0	1	0	1	1	0	0	3	0	3	1	3	0	1	0	0	4
3075	0	0	0	1	1	1	0	0	1	0	0	1	0	0	0	3	1	2	0	2	0	1	0	0	0
2514	1	0	0	0	0	0	0	1	0	1	0	0	1	0	1	5	0	4	0	2	0	0	0	1	2
3021	1	0	0	0	1	1	0	0	0	0	1	1	0	0	0	5	0	1	0	1	1	0	0	0	4
3086	0	1	0	0	0	1	0	0	1	0	0	0	0	1	0	3	0	3	1	2	1	0	0	0	1
1015	1	0	0	0	0	1	0	0	0	0	1	1	0	0	0	6	0	6	1	3	0	0	1	1	2
3059	1	0	0	0	0	0	0	1	0	0	1	1	1	1	0	5	0	4	0	4	0	1	0	0	1
3079	0	0	1	0	1	1	0	0	0	1	0	1	1	0	0	5	0	2	0	2	0	1	0	0	0
3532	1	0	0	0	0	0	0	1	0	0	1	0	1	1	1	6	0	1	0	1	1	0	0	0	1
3561	0	0	0	1	1	1	0	0	1	0	0	1	1	0	0	3	0	3	1	2	0	1	0	0	0
1053	0	0	1	0	1	1	0	0	0	1	0	0	0	1	1	3	0	0	0	0	0	0	0	0	1
2521	1	0	0	0	0	0	0	1	0	1	0	1	0	1	1	5	0	6	4	4	0	0	1	0	2
3522	0	1	0	0	0	0	0	1	0	0	1	1	1	0	0	3	0	1	0	1	1	0	0	0	3
3071	0	1	0	0	1	1	0	0	1	0	0	1	0	0	0	7	0	4	2	2	0	1	0	0	0
2512	0	1	0	0	0	1	0	0	0	1	0	1	0	0	0	5	0	1	0	2	0	1	0	0	0
2525	0	0	1	0	1	1	0	0	1	0	0	1	0	1	0	3	1	2	0	2	1	0	0	0	3
1018	0	1	0	0	0	1	0	0	0	0	1	1	1	1	1	5	0	3	0	2	1	0	0	0	1
3035	0	1	0	0	0	0	1	0	1	0	0	1	0	0	0	5	0	3	0	2	1	0	0	0	0
3511	0	1	0	0	1	1	0	0	0	1	0	1	1	0	0	2	0	3	3	2	0	0	0	1	1
2583	0	1	0	0	1	1	0	0	0	0	1	1	0	0	0	7	0	2	0	2	0	0	0	0	0
3555	0	1	0	0	0	1	0	0	0	0	1	1	0	0	1	5	0	2	0	2	0	1	0	0	1
1087	0	1	0	0	1	1	0	0	0	0	1	1	0	1	0	5	1	2	0	2	0	0	1	0	0
3075	0	0	0	1	0	1	0	0	0	0	1	1	0	1	0	4	0	1	0	1	0	1	0	0	1
3039	0	1	0	0	1	1	0	0	0	0	1	1	1	1	0	3	0	2	0	2	0	1	0	0	1
2548	0	0	1	0	1	1	0	0	0	1	0	1	1	0	0	3	0	3	0	3	0	0	0	0	0
3071	0	0	0	1	0	1	0	0	0	0	1	1	0	1	1	5	1	1	0	1	0	1	0	0	1
3551	0	0	1	0	1	1	0	0	0	1	0	1	0	1	0	4	0	4	1	2	0	1	0	0	1
3067	0	1	0	0	1	1	0	0	0	0	1	1	0	0	0	6	0	2	0	2	0	0	0	0	3
3055	1	0	0	0	1	1	0	0	1	0	0	1	0	1	0	5	0	7	5	1	0	0	1	1	0
2492	0	1	0	0	1	1	0	0	0	0	1	1	0	0	1	5	0	2	0	2	0	1	0	0	3
2564	0	1	0	0	0	1	0	0	0	0	1	1	1	1	0	3	0	2	0	1	0	1	0	0	2
3077	0	0	0	1	1	1	0	0	0	1	0	1	0	0	0	6	0	3	0	4	0	0	1	0	1
3534	0	1	0	0	0	1	0	0	0	0	1	1	0	0	0	6	0	2	0	2	0	0	1	0	2
3043	0	1	0	0	0	1	0	0	0	0	1	1	0	0	0	3	0	2	0	2	0	1	0	0	0
3514	0	1	0	0	0	1	0	0	0	0	1	1	0	0	0	6	0	2	0	2	0	0	1	1	2
2546	0	0	1	0	1	1	0	0	0	1	0	1	1	0	0	5	1	2	1	2	0	1	0	0	1
2492	0	0	1	0	1	1	0	0	0	0	1	1	0	0	0	7	0	2	0	2	0	0	1	0	0
2523	1	0	0	0	0	0	1	0	0	1	0	0	1	1	0	2	0	0	0	0	0	0	0	0	0
3522	0	0	1	0	0	1	0	0	1	0	0	1	0	0	0	4	0	3	0	2	1	0	0	0	3
3526	0	0	1	0	1	0	1	0	1	0	0	1	0	0	0	4	0	4	2	2	1	0	0	1	0
2512	0	0	1	0	0	1	0	0	0	0	1	1	1	0	0	3	0	1	0	2	0	1	0	0	0
2562	0	1	0	0	0	1	0	0	0	0	1	1	1	1	0	7	0	4	2	2	0	1	0	0	2
3031	0	0	1	0	0	1	0	0	1	0	0	1	0	0	0	4	1	2	0	2	0	1	0	0	0
2544	0	0	1	0	1	1	0	0	0	1	0	1	1	0	0	5	0	4	2	2	0	1	0	1	4
1053	0	0	1	0	0	1	0	0	0	0	1	1	1	1	0	4	0	2	0	3	0	0	1	0	3
1068	1	0	0	0	0	1	0	0	0	0	1	1	0	0	0	7	1	3	1	2	0	1	0	0	0
2581	0	0	1	0	0	1	0	0	0	0	1	1	0	0	1	7	0	4	2	2	0	0	1	0	4
2545	0	0	1	0	1	1	0	0	0	0	1	1	0	0	0	5	0	4	2	2	0	0	1	0	0
3526	0	1	0	0	0	1	0	0	0	0	1	1	0	0	0	6	0	3	1	2	0	1	0	0	0
1068	1	0	0	0	0	0	0	1	0	1	0	0	0	1	0	3	0	1	0	1	1	0	0	0	3
3034	0	0	1	0	0	1	0	0	0	0	1	0	0	1	0	4	0	4	2	2	1	0	0	0	1
2555	0	0	1	0	1	1	0	0	0	0	1	1	0	0	0	6	0	2	0	2	0	0	0	0	0
1056	0	0	1	0	1	1	0	0	0	0	1	1	1	0	1	5	0	3	1	2	0	0	1	0	2
3011	1	0	0	0	0	0	0	1	0	1	0	1	1	0	0	2	1	3	0	1	1	0	0	0	1
3032	0	0	1	0	1	1	0	0	1	0	0	1	0	1	0	6	0	3	1	2	0	1	0	0	1
3526	0	0	1	0	1	1	0	0	0	0	1	1	1	0	0	2	0	2	0	2	0	1	0	0	3
1012	0	1	0	0	0	1	0	0	0	0	1	1	0	1	0	4	0	4	2	3	0	0	1	0	1
1018	0	0	1	0	1	1	0	0	0	0	1	1	1	1	1	5	0	1	0	2	0	1	0	1	0
1072	0	0	1	0	1	1	0	0	0	0	1	1	1	0	0	2	0	1	0	1	0	0	1	0	1
3525	0	0	0	1	1	1	0	0	0	1	0	1	0	0	0	7	0	2	0	2	0	1	0	0	0
3564	0	0	1	0	1	1	0	0	1	0	0	1	1	1	0	2	1	2	1	2	0	1	0	0	0
3069	0	0	0	1	1	1	0	0	0	1	0	1	0	0	0	4	0	2	0	2	0	0	1	0	0
3515	0	0	0	1	0	1	0	0	0	1	0	0	1	0	0	3	1	2	0	1	0	0	0	0	1
2565	0	1	0	0	0	1	0	0	0	0	1	1	1	1	0	4	1	4	2	2	0	0	0	0	2
2907	0	0	0	1	1	1	0	0	0	1	0	1	1	0	0	2	0	2	0	4	0	1	0	0	0
1091	0	0	1	0	0	1	0	0	1	0	0	1	0	0	0	4	1	2	0	3	0	1	0	0	0
3021	0	0	1	0	0	1	0	0	0	0	1	0	1	0	0	2	0	2	0	2	0	0	0	0	1
3582	0	1	0	0	0	1	0	0	0	0	1	1	1	1	0	5	0	1	0	2	1	0	0	0	2
3076	0	0	0	1	0	1	0	0	0	1	0	1	1	1	0	5	0	6	3	2	0	0	0	0	4
3012	0	1	0	0	0	1	0	0	0	0	1	1	1	1	0	4	0	1	0	2	0	1	0	0	2
2555	0	0	0	1	1	0	1	0	0	0	1	1	0	0	0	6	1	2	0	4	0	0	1	0	0
2573	0	1	0	0	0	1	0	0	0	1	0	1	0	1	0	3	0	1	0	1	1	0	0	0	1
2525	1	0	0	0	1	1	0	0	1	0	0	1	1	1	1	2	0	4	2	2	1	0	0	0	0
3062	1	0	0	0	0	0	0	1	0	1	0	1	1	1	0	2	1	4	0	3	1	0	0	0	4
2565	0	0	1	0	1	0	1	0	1	0	0	1	0	0	0	2	0	4	2	2	0	0	1	0	0
3553	0	0	1	0	0	1	0	0	0	1	0	1	1	0	0	5	1	3	1	2	0	1	0	0	2
3068	0	0	1	0	1	1	0	0	0	1	0	1	0	1	0	5	0	2	0	2	0	1	0	0	0
3554	1	0	0	0	0	1	0	0	0	1	0	1	1	0	0	2	0	3	0	2	0	0	0	0	3
2573	1	0	0	0	1	1	0	0	0	0	1	1	1	1	0	3	0	4	0	2	1	0	0	0	0
1073	0	0	1	0	1	0	1	0	0	0	1	1	0	0	0	1	0	1	0	1	1	0	0	1	2
3032	0	1	0	0	1	1	0	0	1	0	0	1	1	1	0	6	0	3	1	2	0	1	0	0	2
1064	0	0	1	0	0	1	0	0	0	1	0	1	0	1	1	7	0	4	2	2	0	0	1	1	2
2522	0	0	1	0	1	1	0	0	0	1	0	1	0	1	0	3	0	1	0	2	0	0	1	0	3
3531	0	1	0	0	1	1	0	0	0	0	1	1	1	1	1	7	0	1	0	2	1	0	0	1	3
3581	1	0	0	0	0	0	0	1	0	0	1	1	1	1	1	2	0	5	0	2	1	0	0	0	4
3011	0	1	0	0	1	1	0	0	0	0	1	1	0	0	0	3	0	1	0	1	0	0	1	0	2
3025	0	1	0	0	0	1	0	0	0	1	0	1	1	1	0	3	0	1	0	1	0	1	0	0	2
3555	1	0	0	0	0	1	0	0	1	0	0	0	1	1	0	3	1	2	0	2	0	1	0	0	3
1015	1	0	0	0	0	0	0	1	0	0	1	1	1	0	0	2	0	1	0	2	1	0	0	0	1
3039	0	0	1	0	0	1	0	0	0	0	1	1	1	1	0	5	0	2	0	2	0	1	0	0	0
2561	0	0	0	1	1	1	0	0	0	0	1	1	0	0	0	4	0	4	0	2	0	0	1	0	0
3067	0	0	0	1	0	1	0	0	0	1	0	1	0	0	0	3	1	3	0	3	0	1	0	0	3
3515	1	0	0	0	1	0	0	1	0	0	1	1	1	0	0	2	0	2	0	1	1	0	0	0	1
2548	0	1	0	0	0	1	0	0	0	0	1	1	0	0	0	4	0	3	1	3	0	0	1	0	2
1064	0	0	0	1	0	1	0	0	0	1	0	1	1	1	0	4	1	2	0	2	0	1	0	0	1
2523	0	0	1	0	1	1	0	0	0	0	1	1	0	1	0	2	0	4	2	2	0	0	1	0	0
3028	0	1	0	0	1	1	0	0	0	0	1	1	0	1	0	4	0	2	0	2	1	0	0	0	2
1067	0	0	1	0	0	1	0	0	1	0	0	1	1	0	0	2	0	0	0	0	0	0	0	0	1
1069	0	0	1	0	0	1	0	0	0	0	1	0	0	1	0	4	0	1	0	1	0	1	0	0	1
3081	0	0	1	0	0	0	1	0	0	0	1	1	0	0	0	1	0	2	0	2	0	1	0	1	3
3073	1	0	0	0	0	0	0	1	0	1	0	0	1	1	0	2	1	3	0	1	1	0	0	0	3
1013	0	0	1	0	1	1	0	0	0	1	0	0	0	1	0	3	1	3	0	1	1	0	0	0	1
1064	0	0	1	0	0	1	0	0	0	1	0	1	0	1	0	3	0	1	0	2	1	0	0	0	2
3071	0	0	1	0	0	1	0	0	0	1	0	1	1	1	0	6	0	1	0	2	1	0	0	0	1
3082	0	1	0	0	1	1	0	0	0	0	1	1	0	1	1	7	0	2	0	2	0	0	1	0	2
2564	0	1	0	0	0	1	0	0	0	0	1	1	0	0	0	4	0	2	0	2	0	1	0	0	0
3039	0	0	1	0	1	1	0	0	0	0	1	1	1	0	0	2	0	3	1	2	0	0	1	0	0
1071	0	1	0	0	0	0	1	0	0	0	1	1	0	0	0	5	0	4	2	2	0	1	0	1	3
3511	1	0	0	0	0	0	1	0	0	1	0	0	1	0	0	2	0	2	0	1	0	1	0	0	3
2581	1	0	0	0	1	0	0	1	0	1	0	0	0	1	0	6	0	3	1	2	1	0	0	0	1
2545	0	1	0	0	0	1	0	0	0	0	1	1	0	0	0	3	0	3	1	3	0	0	1	0	4
1078	0	0	0	1	0	0	1	0	0	0	1	1	0	0	0	1	0	1	0	1	1	0	0	0	2
3067	0	1	0	0	1	1	0	0	0	0	1	1	0	0	0	5	0	4	2	3	0	0	1	0	4
2516	0	1	0	0	1	0	1	0	1	0	0	0	1	1	1	5	1	1	0	1	0	0	0	0	0
1096	1	0	0	0	1	0	0	1	0	1	0	1	0	1	0	2	0	1	0	1	1	0	0	0	0
2566	1	0	0	0	0	0	0	1	0	1	0	1	0	1	1	7	1	3	0	1	1	0	0	0	3
3067	1	0	0	0	1	1	0	0	0	1	0	1	0	0	0	4	0	4	0	3	0	0	0	0	0
3033	0	0	0	1	1	1	0	0	0	0	1	1	1	1	0	3	0	1	0	2	0	0	1	0	0
1076	0	0	1	0	1	1	0	0	0	0	1	1	0	0	0	5	0	4	2	2	0	0	1	0	0
3065	0	0	0	1	1	1	0	0	0	0	1	1	1	0	0	5	0	4	0	3	0	1	0	0	2
3573	0	1	0	0	1	1	0	0	0	0	1	1	1	0	0	3	0	2	0	2	0	0	0	0	0
3584	1	0	0	0	0	0	0	1	0	1	0	1	1	0	0	2	0	5	0	2	1	0	0	0	0
3074	0	1	0	0	0	1	0	0	0	0	1	1	0	1	1	2	1	2	0	1	0	1	0	0	1
2492	0	0	1	0	0	0	1	0	0	1	0	1	1	0	0	2	0	3	1	2	0	1	0	0	0
3524	1	0	0	0	1	1	0	0	0	0	1	1	0	0	0	6	0	1	0	2	1	0	0	1	3
3065	0	0	1	0	1	0	1	0	0	0	1	1	0	0	0	7	0	3	2	1	0	1	0	0	2
3025	1	0	0	0	0	1	0	0	0	1	0	0	0	1	0	2	0	4	1	2	0	0	0	0	1
3051	0	0	1	0	1	0	1	0	0	0	1	1	0	0	0	6	0	3	1	2	0	1	0	0	0
3032	0	0	0	1	0	1	0	0	0	1	0	0	1	1	0	3	0	3	1	2	1	0	0	0	1
3022	0	1	0	0	0	1	0	0	0	1	0	1	1	0	0	4	0	1	0	2	1	0	0	0	0
3083	0	1	0	0	0	1	0	0	0	1	0	1	0	1	0	4	0	3	1	2	0	1	0	0	1
3021	0	0	0	1	0	1	0	0	1	0	0	0	0	1	0	2	1	1	0	1	0	1	0	0	1
3583	0	1	0	0	1	1	0	0	0	0	1	1	1	0	1	7	0	2	0	2	0	0	1	0	3
2547	0	0	1	0	1	1	0	0	0	0	1	1	0	0	0	7	0	0	0	0	0	0	0	0	4
1054	0	0	0	1	1	1	0	0	0	1	0	0	1	1	0	2	0	2	0	1	0	0	0	0	1
3552	0	0	0	1	0	0	1	0	0	0	1	1	1	0	0	2	0	1	0	1	0	0	0	0	1
2547	0	0	0	1	1	0	1	0	1	0	0	1	0	0	0	1	0	2	0	2	0	0	0	0	0
3069	0	0	1	0	1	1	0	0	0	0	1	1	0	1	1	7	0	4	2	1	0	0	0	0	1
3075	0	0	0	1	1	1	0	0	1	0	0	0	1	1	0	4	1	2	0	1	0	0	0	0	1
3025	0	1	0	0	0	1	0	0	0	0	1	1	1	1	0	4	0	1	0	2	1	0	0	0	1
2565	0	0	0	1	1	1	0	0	0	1	0	1	0	0	0	4	0	2	0	3	0	0	1	0	2
3012	1	0	0	0	1	1	0	0	0	0	1	1	1	1	1	4	0	1	0	1	0	1	0	0	3
3526	1	0	0	0	1	0	0	1	0	1	0	1	1	1	1	3	0	5	0	1	1	0	0	0	1
1033	0	0	0	1	1	1	0	0	1	0	0	1	0	0	0	2	0	2	0	2	1	0	0	0	0
1019	0	0	1	0	0	1	0	0	0	1	0	1	0	0	0	7	1	2	0	2	0	1	0	0	0
1025	0	0	1	0	1	1	0	0	1	0	0	0	1	0	0	4	0	1	0	1	1	0	0	0	1
3051	0	0	1	0	1	0	1	0	0	0	1	1	0	0	0	7	0	1	0	2	1	0	0	0	0
3063	1	0	0	0	0	0	0	1	0	1	0	0	1	1	0	1	0	1	0	1	1	0	0	0	4
3065	0	0	1	0	0	1	0	0	0	1	0	0	1	0	0	4	1	2	0	2	0	0	0	0	1
3032	0	0	1	0	0	1	0	0	0	1	0	1	0	1	0	6	0	3	1	2	0	1	0	0	3
1033	0	0	1	0	0	1	0	0	0	1	0	1	0	1	0	3	1	2	0	2	0	0	0	0	1
2541	0	0	1	0	1	1	0	0	0	1	0	1	1	0	0	4	0	3	0	2	0	1	0	0	4
3031	0	0	1	0	1	1	0	0	0	1	0	1	1	0	0	2	0	3	1	1	0	1	0	1	1
3572	0	0	1	0	1	1	0	0	0	0	1	1	1	0	0	1	0	2	0	1	0	0	1	1	3
2552	0	0	1	0	1	1	0	0	0	1	0	1	0	1	1	5	1	1	0	2	1	0	0	0	2
1012	0	0	1	0	0	1	0	0	0	0	1	1	0	1	0	3	0	2	0	1	0	0	1	0	1
2552	0	0	1	0	0	0	1	0	0	0	1	1	0	0	0	6	0	1	0	1	1	0	0	0	1
3077	0	0	0	1	0	1	0	0	0	0	1	1	1	0	0	3	1	2	0	2	0	1	0	0	0
2498	0	0	1	0	0	1	0	0	0	0	1	1	0	0	0	6	0	5	3	2	0	0	0	0	0
3544	0	0	1	0	1	1	0	0	0	1	0	1	1	0	0	4	0	4	2	2	0	0	0	0	3
3069	0	0	0	1	1	1	0	0	0	0	0	1	0	1	0	5	0	3	1	2	1	0	0	0	0
3046	0	0	1	0	1	1	0	0	1	0	0	1	0	0	0	6	0	3	1	2	0	0	0	0	4
3028	1	0	0	0	1	1	0	0	0	0	1	1	0	0	0	5	0	2	0	2	0	1	0	0	0
3067	0	0	1	0	1	1	0	0	0	0	1	1	0	0	0	6	0	2	0	3	0	0	1	0	0
1093	0	0	1	0	1	1	0	0	0	0	1	1	1	0	0	3	0	1	0	2	0	1	0	0	1
3083	0	1	0	0	0	1	0	0	0	0	1	0	1	0	0	3	1	1	0	1	1	0	0	0	3
3079	0	0	1	0	1	1	0	0	0	1	0	1	0	0	1	6	0	1	0	1	0	0	0	0	2
3512	0	0	1	0	1	0	1	0	0	0	1	0	1	1	1	6	0	5	3	2	0	1	0	0	2
3077	0	0	1	0	1	1	0	0	0	1	0	1	0	0	0	7	0	1	0	1	0	0	1	0	0
1035	1	0	0	0	0	1	0	0	0	1	0	1	0	0	0	2	1	0	0	2	0	0	0	0	0
2553	0	1	0	0	0	1	0	0	0	1	0	1	1	0	0	2	0	2	0	2	0	1	0	0	1
3581	0	0	1	0	0	1	0	0	0	1	0	1	1	0	0	2	0	2	0	2	1	0	0	0	1
3059	0	0	1	0	1	1	0	0	0	1	0	1	0	0	0	5	1	4	2	3	0	1	0	0	4
3067	0	0	1	0	0	1	0	0	0	0	1	0	1	1	0	4	0	1	0	1	0	0	0	0	1
3084	0	0	0	1	1	1	0	0	1	0	0	1	1	0	0	3	0	1	0	2	1	0	0	0	1
3063	0	0	0	1	1	0	1	0	0	0	1	1	1	0	0	1	0	2	0	3	0	0	1	0	0
3069	0	0	0	1	1	1	0	0	0	0	1	1	0	0	0	6	0	2	0	3	0	0	1	0	3
1078	1	0	0	0	0	1	0	0	0	0	1	1	0	0	1	7	0	2	0	2	1	0	0	0	0
3039	0	0	1	0	0	0	1	0	0	1	0	1	0	0	0	4	0	1	0	2	0	0	0	0	0
3573	0	0	0	1	0	1	0	0	0	0	1	1	1	0	0	2	0	1	0	2	0	1	0	0	0
3561	0	0	1	0	1	1	0	0	0	0	1	0	1	0	1	6	0	4	2	1	0	0	1	1	1
2533	0	0	1	0	0	1	0	0	0	1	0	1	1	0	0	3	0	3	1	2	1	0	0	0	1
1074	1	0	0	0	0	1	0	0	0	1	0	1	1	0	0	3	0	1	0	1	1	0	0	0	3
3067	0	0	1	0	0	1	0	0	0	0	1	1	0	1	0	3	0	2	0	2	0	0	0	0	4
1083	0	1	0	0	1	1	0	0	0	0	1	1	1	0	0	2	0	2	0	2	0	0	1	0	0
3042	0	0	1	0	0	1	0	0	0	0	1	1	0	0	0	5	0	2	0	2	0	1	0	0	1
2497	0	0	1	0	0	1	0	0	0	1	0	1	0	1	0	3	0	3	0	3	0	0	0	0	4
3571	0	1	0	0	0	1	0	0	0	0	1	1	1	1	0	2	0	1	0	1	0	1	0	0	1
3524	0	0	1	0	0	1	0	0	1	0	0	0	1	0	0	2	0	4	2	1	0	1	0	0	1
3082	1	0	0	0	0	0	0	1	0	1	0	1	1	1	1	4	0	3	0	1	1	0	0	0	4
1069	1	0	0	0	0	1	0	0	0	0	1	1	0	0	0	4	1	7	4	4	1	0	0	0	3
3076	0	0	1	0	1	1	0	0	1	0	0	1	1	0	0	4	1	1	0	1	1	0	0	0	0
2553	0	1	0	0	0	1	0	0	0	0	1	1	0	1	0	3	1	2	0	1	0	1	0	1	3
1091	0	1	0	0	0	1	0	0	0	0	1	1	1	1	1	5	0	2	0	1	0	0	0	1	0
1069	0	0	0	1	1	1	0	0	0	0	1	1	0	0	0	5	0	2	0	2	0	0	1	0	3
3077	0	0	1	0	0	0	1	0	0	1	0	1	0	0	0	7	1	3	2	2	1	0	0	0	2
3076	0	0	1	0	0	1	0	0	1	0	0	0	1	0	0	3	0	0	0	1	0	0	0	0	1
3563	0	0	1	0	0	1	0	0	1	0	0	1	0	1	0	5	0	1	0	2	1	0	0	0	0
1060	0	0	1	0	0	1	0	0	1	0	0	1	0	0	0	3	1	3	0	3	0	0	0	0	0
3086	0	1	0	0	0	1	0	0	0	1	0	1	1	1	1	4	1	2	0	1	1	0	0	0	1
3526	0	1	0	0	0	1	0	0	0	1	0	1	0	0	0	3	0	2	0	2	1	0	0	0	4
3077	0	0	1	0	1	1	0	0	1	0	0	1	1	0	0	5	0	4	2	2	0	1	0	0	3
1013	0	0	1	0	0	1	0	0	0	0	1	0	0	1	0	2	0	1	0	1	1	0	0	0	1
2584	0	0	0	1	0	1	0	0	1	0	0	0	0	1	0	4	0	3	0	1	0	0	0	0	1
1087	0	1	0	0	1	1	0	0	0	0	1	1	0	0	0	4	0	2	0	2	0	0	1	0	0
1075	0	0	1	0	0	1	0	0	0	0	1	1	1	0	0	2	0	0	0	0	0	0	0	0	2
2498	0	0	0	1	0	0	1	0	0	1	0	1	0	0	0	2	0	2	0	3	0	1	0	0	0
2592	0	0	1	0	0	1	0	0	0	0	1	1	1	1	0	3	0	4	2	2	1	0	0	1	0
1079	0	0	1	0	0	1	0	0	0	0	1	1	1	0	0	3	0	1	0	1	1	0	0	0	1
1083	0	0	1	0	0	1	0	0	0	1	0	1	1	1	0	2	0	2	0	2	0	1	0	1	1
3555	0	0	1	0	0	1	0	0	0	0	1	1	0	1	0	5	0	2	0	3	0	0	0	0	2
1072	0	1	0	0	0	0	1	0	0	0	1	1	1	0	0	2	1	2	0	1	1	0	0	0	3
1035	0	0	1	0	0	1	0	0	0	0	1	0	0	1	0	0	0	0	0	0	0	0	0	0	1
3564	0	1	0	0	0	0	0	1	0	0	1	1	1	0	0	3	0	1	0	1	0	0	0	0	1
1056	1	0	0	0	1	1	0	0	0	1	0	1	0	1	0	5	0	3	0	1	1	0	0	0	3
3035	0	1	0	0	0	1	0	0	0	0	1	1	1	0	0	2	0	0	0	0	0	0	0	0	2
3068	0	0	0	1	1	1	0	0	0	0	1	1	0	0	0	6	0	2	0	2	0	1	0	0	0
3068	0	0	1	0	0	1	0	0	0	0	1	1	0	0	0	4	0	2	0	2	0	1	0	0	2
2548	0	0	1	0	0	1	0	0	1	0	0	1	1	0	0	3	0	4	2	3	0	1	0	0	0
1058	0	0	1	0	0	1	0	0	0	0	1	1	0	0	1	6	0	1	0	2	0	1	0	0	0
3051	0	0	1	0	1	1	0	0	1	0	0	1	1	0	0	5	0	2	0	2	0	1	0	0	1
3552	0	0	1	0	0	1	0	0	0	0	1	1	1	0	0	2	0	1	0	1	1	0	0	0	2
3527	0	1	0	0	0	1	0	0	0	0	1	1	0	1	0	6	0	2	0	2	0	1	0	0	1
2586	0	0	1	0	0	1	0	0	0	1	0	0	0	1	1	7	0	5	3	1	0	0	1	0	1
2561	0	0	1	0	0	1	0	0	1	0	0	1	0	1	0	4	1	0	0	1	0	0	0	0	2
2553	0	1	0	0	0	1	0	0	0	1	0	1	0	0	0	6	1	2	0	2	1	0	0	0	0
3014	0	1	0	0	0	1	0	0	0	1	0	0	0	1	0	5	1	2	0	1	0	1	0	0	1
1063	1	0	0	0	0	0	0	1	0	1	0	1	1	1	1	3	1	1	0	2	0	0	0	0	3
1059	0	0	1	0	1	1	0	0	1	0	0	1	0	0	0	4	0	0	0	0	0	0	0	0	4
2547	0	0	0	1	0	1	0	0	0	1	0	0	1	0	0	2	1	2	0	1	1	0	0	0	2
3522	0	0	0	1	1	1	0	0	0	0	1	1	0	1	1	5	0	2	0	2	0	1	0	0	1
3043	0	0	0	1	1	1	0	0	0	1	0	1	0	1	0	2	0	3	0	2	0	0	0	0	1
1061	0	0	1	0	1	0	1	0	0	0	1	1	1	1	0	3	0	1	0	2	1	0	0	0	2
1102	1	0	0	0	1	1	0	0	0	0	1	1	0	0	0	7	0	1	0	2	1	0	0	0	0
3513	0	0	1	0	1	1	0	0	0	1	0	1	1	0	0	2	1	0	0	0	0	0	0	0	3
1021	0	0	0	1	0	1	0	0	0	1	0	1	0	0	0	2	0	1	0	2	0	1	0	0	0
2513	0	0	0	1	1	0	1	0	0	0	1	1	1	0	0	3	0	2	0	1	0	1	0	1	1
2548	0	0	0	1	1	1	0	0	0	0	1	1	1	1	1	7	0	7	3	3	0	0	1	1	2
1082	0	1	0	0	1	1	0	0	0	0	1	1	1	0	0	3	0	2	0	2	0	0	1	0	1
3072	0	0	0	1	1	1	0	0	0	1	0	1	0	1	0	6	0	2	0	1	1	0	0	0	1
3031	0	0	1	0	1	1	0	0	0	1	0	1	1	0	0	2	0	2	0	2	0	0	1	0	1
2518	0	0	1	0	0	1	0	0	0	1	0	1	0	0	0	3	0	2	1	2	1	0	0	0	0
1098	0	0	1	0	0	1	0	0	0	0	1	1	0	0	0	4	0	3	0	1	0	1	0	0	0
2583	0	0	1	0	1	1	0	0	1	0	0	1	0	0	0	7	0	2	1	2	0	0	1	0	2
1097	0	0	1	0	0	0	1	0	0	1	0	1	1	0	0	2	0	2	0	2	1	0	0	0	2
3514	0	1	0	0	1	1	0	0	0	1	0	1	1	0	0	2	0	1	0	2	0	0	0	0	0
2593	0	1	0	0	1	1	0	0	0	0	1	1	0	1	1	7	0	1	0	1	1	0	0	0	1
2498	0	0	0	1	1	0	1	0	0	1	0	1	0	0	0	6	0	2	0	2	0	1	0	0	2
3042	0	1	0	0	1	1	0	0	0	0	1	1	1	0	0	3	0	2	0	2	0	0	1	0	0
3527	0	1	0	0	0	1	0	0	0	0	1	1	1	0	0	2	0	2	0	1	0	0	1	0	1
1062	0	0	1	0	0	1	0	0	0	0	1	1	1	1	0	4	0	1	0	1	1	0	0	0	3
1018	0	0	0	1	0	1	0	0	1	0	0	1	1	0	0	4	0	2	0	1	0	1	0	0	3
3026	0	0	0	1	0	1	0	0	1	0	0	0	0	1	0	4	1	2	1	1	1	0	0	0	1
1069	0	1	0	0	0	1	0	0	0	1	0	1	0	0	0	3	0	4	2	3	0	1	0	0	3
2553	0	0	1	0	1	1	0	0	0	1	0	0	1	0	0	1	1	0	0	1	0	1	0	0	1
3514	1	0	0	0	0	0	0	1	0	1	0	0	1	0	0	2	0	1	0	1	1	0	0	0	2
2521	1	0	0	0	1	0	0	1	0	1	0	1	1	1	0	5	1	6	3	4	0	0	1	0	0
1069	0	1	0	0	1	1	0	0	1	0	0	0	0	1	1	5	0	1	0	1	0	1	0	0	3
3075	0	0	1	0	1	1	0	0	0	1	0	1	0	0	0	5	0	2	0	2	0	1	0	0	0
2525	1	0	0	0	1	0	0	1	0	1	0	1	1	0	0	5	0	1	0	1	1	0	0	1	0
3061	1	0	0	0	0	1	0	0	0	1	0	1	0	0	0	4	0	8	5	2	0	1	0	1	2
2523	0	0	0	1	1	1	0	0	0	1	0	1	0	1	0	2	0	2	0	2	1	0	0	0	1
3513	1	0	0	0	1	1	0	0	0	1	0	1	1	0	0	3	0	5	2	2	0	1	0	1	0
1035	0	0	1	0	1	1	0	0	0	1	0	1	0	0	0	5	0	3	0	2	0	0	0	0	0
1087	0	0	0	1	0	1	0	0	0	1	0	1	0	1	1	4	0	1	0	1	0	1	0	0	1
3043	0	0	1	0	0	1	0	0	0	1	0	1	1	0	0	2	1	2	0	3	0	0	0	0	1
1082	1	0	0	0	0	0	0	1	0	0	1	1	1	1	1	5	0	3	0	2	0	0	0	0	0
1087	0	1	0	0	1	1	0	0	0	0	1	1	0	0	0	5	0	2	0	2	0	1	0	0	4
2498	0	0	0	1	1	0	1	0	0	1	0	1	0	0	0	7	0	1	0	2	0	1	0	0	3
1062	0	0	1	0	0	1	0	0	0	0	1	1	1	0	0	2	0	2	0	1	0	0	1	0	1
1025	0	1	0	0	0	1	0	0	0	0	1	0	0	1	1	6	0	1	0	1	0	1	0	0	1
1076	0	0	1	0	1	1	0	0	0	0	1	1	1	0	0	3	0	4	2	3	0	0	1	0	2
3072	0	0	1	0	0	1	0	0	0	1	0	1	0	1	0	4	0	4	2	2	0	1	0	0	1
3551	1	0	0	0	0	1	0	0	0	1	0	1	0	0	1	5	0	2	0	2	0	1	0	0	2
3555	0	0	1	0	0	1	0	0	0	1	0	1	0	0	0	7	0	1	0	2	1	0	0	0	2
3561	0	0	1	0	0	0	1	0	0	1	0	1	1	0	0	4	0	6	2	3	0	0	0	0	0
3065	0	0	1	0	1	1	0	0	1	0	0	1	0	0	0	4	0	2	1	2	0	1	0	0	0
1024	0	0	1	0	1	1	0	0	0	1	0	0	0	1	0	3	0	1	0	1	0	1	0	0	1
1060	0	1	0	0	0	1	0	0	0	0	1	1	0	0	0	3	0	2	0	1	0	0	0	0	2
3027	0	0	1	0	1	1	0	0	0	0	1	1	0	1	0	5	1	1	0	3	0	0	1	0	0
3521	0	0	0	1	1	1	0	0	0	1	0	1	1	0	0	4	0	2	0	2	0	0	0	0	0
1083	1	0	0	0	0	1	0	0	0	0	1	1	1	0	1	4	0	2	0	1	0	1	0	0	4
3078	0	0	0	1	1	1	0	0	1	0	0	1	0	1	0	7	0	0	0	0	0	0	0	0	0
3031	0	1	0	0	0	1	0	0	0	0	1	1	0	1	0	3	0	1	0	2	0	1	0	0	0
3669	0	0	1	0	1	1	0	0	0	1	0	1	0	0	1	7	1	3	2	2	0	0	1	0	1
3061	0	0	1	0	0	1	0	0	0	1	0	0	0	1	0	3	0	2	0	1	0	0	0	0	1
1096	0	1	0	0	0	1	0	0	0	0	1	0	0	1	1	5	0	2	0	1	0	1	0	0	0
3065	0	1	0	0	1	1	0	0	0	0	1	1	0	0	0	7	0	3	0	3	0	0	0	0	0
3027	0	1	0	0	0	1	0	0	1	0	0	1	0	0	0	3	1	3	1	2	0	1	0	1	0
2492	0	0	1	0	1	0	1	0	0	0	1	1	0	0	0	0	0	3	1	3	0	0	1	0	0
1094	0	1	0	0	0	1	0	0	0	0	1	1	1	0	0	3	0	2	0	1	0	1	0	0	2
1060	1	0	0	0	0	0	0	1	0	1	0	1	1	1	0	3	0	3	0	3	0	0	0	0	1
3034	0	0	1	0	1	1	0	0	0	0	1	1	0	0	0	7	0	3	0	3	0	0	1	0	3
3526	0	0	1	0	1	1	0	0	0	0	1	1	1	0	0	2	0	1	0	1	0	0	1	0	0
2513	0	1	0	0	1	1	0	0	0	0	1	1	0	1	0	3	0	2	0	2	0	1	0	1	1
2548	0	0	0	1	0	1	0	0	0	0	1	1	0	1	0	4	1	1	0	2	0	0	1	0	3
3544	1	0	0	0	0	1	0	0	1	0	0	0	1	0	0	3	1	2	0	1	0	0	0	0	1
2524	1	0	0	0	0	0	0	1	0	1	0	1	1	1	0	2	1	4	0	1	1	0	0	0	4
2551	0	0	1	0	0	1	0	0	0	0	1	1	1	1	0	5	0	4	0	3	0	1	0	1	2
1055	0	1	0	0	1	1	0	0	0	1	0	1	0	1	0	5	0	2	0	1	0	1	0	0	1
3028	0	0	1	0	1	0	1	0	0	1	0	1	0	1	0	7	0	1	0	1	1	0	0	0	0
1032	0	0	1	0	0	1	0	0	1	0	0	0	1	1	0	4	0	4	1	2	1	0	0	0	1
1013	0	0	1	0	0	1	0	0	1	0	0	1	1	0	0	2	0	4	2	2	0	1	0	0	3
1033	0	0	0	1	0	1	0	0	0	1	0	0	0	1	0	3	1	1	0	1	1	0	0	0	1
1055	0	0	1	0	0	1	0	0	0	1	0	1	1	0	0	2	0	4	0	2	0	1	0	1	3
1082	0	1	0	0	0	0	1	0	0	0	1	1	0	0	0	5	0	3	1	3	0	1	0	1	3
3051	0	0	1	0	1	1	0	0	0	1	0	1	0	1	0	3	0	3	0	2	0	1	0	0	0
1082	0	1	0	0	0	0	0	1	0	1	0	1	1	1	0	3	0	2	0	2	0	0	0	0	4
1053	0	0	0	1	1	1	0	0	1	0	0	1	0	0	0	4	0	4	1	2	0	1	0	0	0
3074	0	0	0	1	0	1	0	0	0	1	0	0	0	1	0	3	1	2	0	1	0	0	0	0	1
3073	0	1	0	0	1	1	0	0	0	1	0	1	0	0	0	3	1	2	0	2	1	0	0	0	1
2543	0	0	1	0	1	1	0	0	0	0	1	1	1	0	0	1	0	4	2	2	0	0	0	0	3
3564	0	0	1	0	0	1	0	0	1	0	0	0	1	1	1	7	1	2	0	1	1	0	0	0	4
3544	0	0	1	0	1	1	0	0	1	0	0	1	0	0	0	3	1	4	2	3	0	0	0	0	0
3077	0	1	0	0	1	1	0	0	0	1	0	1	0	0	0	4	1	2	0	2	1	0	0	0	4
2551	0	0	1	0	1	1	0	0	0	0	1	0	1	0	0	3	0	1	0	1	0	1	0	0	1
2572	0	0	1	0	1	0	1	0	0	0	1	1	0	1	0	4	0	1	0	2	1	0	0	0	3
3515	1	0	0	0	0	0	0	1	0	0	1	1	1	1	1	2	0	2	0	2	1	0	0	0	2
3561	0	0	1	0	1	1	0	0	0	0	1	0	0	1	1	7	0	1	0	1	0	1	0	0	3
3014	0	0	0	1	1	0	1	0	0	0	1	0	0	0	0	0	0	1	0	1	1	0	0	0	1
2553	0	1	0	0	0	1	0	0	1	0	0	1	1	1	0	3	1	2	0	1	0	1	0	0	0
1064	0	0	1	0	1	1	0	0	0	1	0	1	1	0	0	2	0	4	2	2	0	0	1	0	4
2564	0	0	0	1	1	1	0	0	1	0	0	1	1	0	0	2	1	2	0	1	1	0	0	1	1
1019	0	0	1	0	0	1	0	0	0	0	1	0	0	1	0	3	0	2	1	1	0	0	0	0	1
1077	0	1	0	0	0	1	0	0	0	0	1	1	1	1	1	3	0	2	0	2	0	1	0	0	1
1012	0	0	0	1	1	0	1	0	0	0	1	1	0	0	0	4	0	4	2	1	0	1	0	1	1
3526	0	0	1	0	1	1	0	0	0	0	1	1	1	0	0	3	0	4	2	2	0	0	1	0	0
3015	0	1	0	0	0	0	0	1	0	1	0	1	1	0	0	1	0	1	0	1	0	0	0	0	3
3071	0	0	1	0	1	1	0	0	0	1	0	1	0	0	0	4	0	1	0	2	0	1	0	0	0
2574	0	0	1	0	1	1	0	0	0	1	0	1	0	0	0	0	0	2	0	2	0	0	0	0	2
3524	0	0	1	0	1	1	0	0	0	0	1	1	1	0	0	3	0	2	0	2	0	0	1	0	3
3079	0	0	1	0	0	1	0	0	0	0	1	1	1	0	0	3	1	2	0	3	0	0	0	0	0
1033	0	1	0	0	0	1	0	0	0	1	0	1	0	0	0	0	0	0	0	0	0	0	0	0	3
3564	0	1	0	0	0	1	0	0	0	0	1	1	0	0	0	3	0	1	0	2	1	0	0	0	0
3061	0	0	1	0	1	1	0	0	0	0	1	1	0	0	0	4	1	2	0	2	1	0	0	0	2
1082	0	0	1	0	0	1	0	0	0	1	0	1	0	0	0	5	0	1	0	1	0	1	0	0	0
1012	0	0	1	0	1	1	0	0	0	0	1	1	1	0	0	1	0	1	0	2	0	0	0	1	3
2523	0	0	1	0	0	1	0	0	1	0	0	1	0	0	0	5	0	2	0	2	0	0	0	0	0
3042	0	0	1	0	0	1	0	0	0	1	0	1	1	0	0	2	1	1	0	1	1	0	0	0	0
3062	0	0	1	0	1	1	0	0	0	0	1	1	0	0	0	6	0	2	1	1	0	0	1	0	3
1060	0	0	1	0	1	1	0	0	0	1	0	1	0	0	0	5	0	1	0	2	0	0	0	1	0
2497	0	0	1	0	0	1	0	0	0	0	1	1	0	0	0	5	1	4	2	3	0	0	0	0	4
3059	0	0	0	1	1	1	0	0	0	1	0	1	0	0	0	5	1	2	0	3	0	0	1	0	0
2546	0	0	1	0	0	1	0	0	0	1	0	1	0	1	0	3	1	3	0	3	0	0	0	0	0
3551	0	0	1	0	0	1	0	0	0	0	1	1	0	0	0	6	0	1	0	2	0	0	1	0	0
1069	0	0	1	0	1	1	0	0	1	0	0	1	1	0	0	4	1	1	0	1	0	0	0	0	1
2572	0	0	1	0	0	0	1	0	0	1	0	0	0	1	0	2	1	4	4	1	0	0	0	0	1
3079	0	0	1	0	0	0	1	0	0	1	0	1	1	1	0	0	1	1	0	2	1	0	0	0	3
2492	0	0	0	1	0	1	0	0	0	0	1	1	0	0	0	4	0	3	0	3	0	0	1	0	0
2545	0	0	1	0	0	1	0	0	0	1	0	1	0	0	0	4	1	1	0	2	0	1	0	0	0
3522	0	0	1	0	0	1	0	0	0	0	1	1	0	1	0	6	0	1	0	1	0	0	1	0	0
3552	0	0	1	0	0	1	0	0	0	0	1	1	0	0	0	4	0	1	0	1	0	0	1	0	3
3532	0	1	0	0	0	0	0	1	0	0	1	1	1	0	0	3	1	0	0	2	1	0	0	0	1
1068	0	0	1	0	0	1	0	0	1	0	0	1	1	0	0	2	1	4	2	1	0	0	0	1	3
3027	0	1	0	0	1	1	0	0	0	0	1	1	0	0	0	7	0	5	3	4	0	0	1	0	2
1055	0	0	1	0	0	1	0	0	0	1	0	1	1	0	0	2	0	2	0	1	0	0	1	0	2
2541	0	0	1	0	1	1	0	0	0	0	1	1	1	0	0	3	0	5	3	3	0	0	1	0	1
3551	0	1	0	0	1	1	0	0	0	0	1	1	0	1	0	6	0	2	0	2	1	0	0	0	2
1058	0	1	0	0	1	1	0	0	0	0	1	1	0	0	0	6	0	1	0	1	0	1	0	0	3
2525	1	0	0	0	1	0	0	1	0	1	0	0	0	1	0	3	0	2	0	1	0	0	0	0	2
1055	0	0	1	0	1	1	0	0	0	0	1	1	1	0	0	4	0	4	2	2	0	0	1	0	1
1056	0	0	1	0	0	1	0	0	0	0	1	1	1	0	0	2	0	4	2	2	0	0	0	0	1
1019	0	1	0	0	0	1	0	0	0	0	1	1	0	0	1	7	0	2	0	2	0	1	0	0	3
3072	0	0	1	0	0	1	0	0	0	1	0	1	0	1	0	4	0	4	2	2	0	1	0	0	1
2551	0	0	1	0	0	1	0	0	0	1	0	1	1	0	0	2	0	3	1	2	0	1	0	0	0
2592	0	0	1	0	1	1	0	0	0	1	0	1	0	1	0	3	0	5	3	2	1	0	0	1	1
3011	0	1	0	0	0	1	0	0	0	0	1	1	0	0	1	7	0	3	1	2	0	0	0	0	3
3031	0	0	1	0	1	1	0	0	0	1	0	1	0	0	0	6	0	2	0	2	0	1	0	0	0
1068	0	0	1	0	0	1	0	0	0	0	1	1	0	1	0	5	1	2	0	2	0	0	1	0	1
1033	0	0	1	0	0	1	0	0	0	1	0	1	0	1	0	5	0	3	0	2	1	0	0	0	3
3021	1	0	0	0	0	0	0	1	1	0	0	0	0	1	0	4	1	2	1	2	0	0	0	0	1
3527	0	1	0	0	1	1	0	0	0	1	0	1	0	0	0	3	0	4	2	3	0	0	1	0	4
1022	0	0	0	1	0	1	0	0	0	1	0	1	0	1	0	4	0	2	0	1	1	0	0	0	1
2525	0	0	1	0	0	1	0	0	1	0	0	1	1	0	1	3	1	6	4	2	0	1	0	0	1
3555	0	0	1	0	1	0	1	0	1	0	0	1	0	0	0	3	1	4	0	2	1	0	0	0	1
3061	0	0	0	1	1	1	0	0	0	1	0	1	1	1	0	2	0	2	0	2	0	0	1	0	3
3082	0	0	1	0	1	0	1	0	0	0	1	1	0	0	0	3	0	1	0	2	0	0	0	0	2
2553	0	0	0	1	1	1	0	0	0	0	1	1	0	1	0	4	0	1	0	2	0	0	1	0	1
3035	0	1	0	0	1	1	0	0	0	1	0	0	0	0	1	6	0	1	0	1	1	0	0	0	1
2573	0	0	1	0	0	1	0	0	0	0	1	1	1	0	0	2	0	2	0	2	0	1	0	0	3
3031	0	1	0	0	0	0	1	0	0	0	1	0	1	1	0	3	0	1	0	1	1	0	0	0	2
1057	0	0	1	0	0	1	0	0	0	0	1	1	0	1	0	2	0	1	0	1	0	1	0	0	4
3525	0	0	1	0	1	1	0	0	0	0	1	1	1	0	0	1	0	1	0	1	0	0	1	1	4
1087	0	1	0	0	1	1	0	0	0	1	0	1	0	0	0	3	0	4	2	2	0	1	0	0	4
3063	0	0	0	1	0	1	0	0	0	0	1	1	0	0	0	3	0	3	2	2	0	0	1	0	0
3024	0	1	0	0	1	1	0	0	0	1	0	1	1	1	0	2	0	1	0	1	0	1	0	0	3
2532	0	0	1	0	1	1	0	0	1	0	0	1	1	0	0	2	0	3	0	1	1	0	0	0	0
3059	0	0	1	0	0	1	0	0	0	0	1	1	0	1	0	6	0	4	2	2	0	0	1	0	3
2552	0	1	0	0	0	1	0	0	1	0	0	1	0	0	0	2	1	3	1	3	0	1	0	0	0
3056	0	0	1	0	1	1	0	0	0	0	1	1	1	0	0	3	0	4	2	2	0	0	1	0	0
2522	0	1	0	0	0	1	0	0	0	0	1	1	0	0	0	2	0	4	2	3	0	0	1	0	0
1012	0	0	1	0	0	1	0	0	0	1	0	0	1	0	0	2	0	2	0	1	0	1	0	0	2
3037	0	0	1	0	0	1	0	0	0	0	1	1	1	0	0	2	0	1	0	1	1	0	0	0	2
3562	0	0	0	1	1	1	0	0	0	1	0	1	0	0	0	3	0	2	0	2	0	1	0	0	0
2555	0	1	0	0	1	1	0	0	0	1	0	1	0	1	0	5	0	1	0	2	0	0	0	0	2
3553	0	1	0	0	0	1	0	0	0	0	1	1	1	0	1	7	0	1	0	1	0	1	0	0	3
3572	0	1	0	0	0	1	0	0	0	0	1	0	1	0	1	6	0	2	0	1	0	0	1	0	2
2562	0	0	1	0	0	1	0	0	0	1	0	1	1	1	0	4	0	4	2	2	1	0	0	0	1
2521	0	1	0	0	1	1	0	0	0	0	1	1	1	0	0	2	0	1	0	1	0	0	1	0	1
2563	0	0	1	0	1	0	1	0	0	1	0	1	1	0	0	2	0	1	0	1	1	0	0	0	3
1064	0	1	0	0	0	1	0	0	0	0	1	0	1	0	0	3	0	4	2	1	0	1	0	0	4
2551	0	0	1	0	0	1	0	0	0	1	0	0	0	1	0	3	0	2	0	1	0	0	1	0	0
1072	0	1	0	0	0	1	0	0	0	0	1	1	1	0	0	1	0	2	0	2	0	1	0	0	4
2498	0	0	1	0	0	1	0	0	0	1	0	1	1	0	0	3	0	3	1	2	0	1	0	0	2
3061	0	0	1	0	0	1	0	0	0	0	1	1	0	1	1	7	1	1	0	2	0	1	0	0	1
1074	0	0	0	1	0	1	0	0	0	0	1	0	0	1	1	5	0	1	0	1	0	1	0	0	3
3012	0	0	1	0	1	1	0	0	0	1	0	0	0	1	0	5	0	2	1	1	0	1	0	0	0
2562	0	0	1	0	1	1	0	0	0	0	1	1	0	0	0	3	0	1	0	2	0	1	0	0	3
3067	0	0	1	0	1	1	0	0	0	0	1	1	0	0	0	7	0	2	0	3	0	0	1	0	4
2515	0	1	0	0	1	1	0	0	0	1	0	1	1	0	0	2	0	1	0	1	1	0	0	0	0
3069	0	1	0	0	1	1	0	0	0	1	0	1	1	1	0	5	0	1	0	2	0	1	0	1	2
2548	0	0	1	0	1	0	1	0	0	1	0	1	0	0	0	0	1	2	0	2	0	0	0	0	0
1025	0	1	0	0	1	1	0	0	0	0	1	1	1	1	0	4	0	1	0	2	0	1	0	0	1
3525	1	0	0	0	1	1	0	0	0	1	0	1	1	0	0	3	0	5	0	4	0	0	1	0	2
1055	0	1	0	0	0	1	0	0	0	1	0	1	1	0	0	3	0	2	0	2	0	1	0	1	3
1017	0	0	1	0	1	1	0	0	0	1	0	1	1	0	0	3	0	3	1	2	0	1	0	0	2
2593	0	0	1	0	1	1	0	0	0	0	1	1	0	1	0	5	0	2	0	2	0	1	0	0	1
2582	0	0	1	0	1	1	0	0	0	0	1	1	1	0	0	1	0	1	0	1	0	0	1	0	1
1034	0	0	1	0	0	1	0	0	0	1	0	1	0	1	1	6	0	5	3	2	0	1	0	1	0
2565	0	0	1	0	0	1	0	0	0	0	1	1	1	1	0	3	0	3	1	2	0	1	0	0	2
3582	0	1	0	0	1	0	1	0	0	0	1	1	1	0	0	5	0	2	0	2	0	0	1	0	2
3533	0	0	1	0	1	0	1	0	0	0	1	1	0	0	0	7	0	1	0	1	0	0	1	0	0
2993	0	1	0	0	0	1	0	0	0	1	0	1	0	0	0	4	0	4	2	2	0	0	1	0	0
1061	0	0	1	0	1	1	0	0	0	0	1	1	1	0	1	6	0	4	2	2	0	0	1	0	0
3081	1	0	0	0	1	0	0	0	0	1	0	1	0	1	0	6	0	3	2	2	0	0	1	1	2
3068	0	0	1	0	0	1	0	0	1	0	0	1	0	0	1	7	0	3	1	2	0	0	0	1	1
3123	0	0	1	0	1	0	1	0	1	0	0	1	0	0	0	5	0	1	0	2	0	0	0	0	0
1068	0	0	1	0	1	1	0	0	0	0	1	1	0	0	0	3	0	1	0	1	0	0	1	0	0
2561	0	1	0	0	1	0	0	1	0	1	0	1	0	1	0	4	0	2	0	1	0	0	0	0	3
2564	0	0	1	0	0	1	0	0	1	0	0	1	1	0	0	3	1	4	1	2	0	1	0	0	1
2533	0	0	0	1	1	1	0	0	0	1	0	1	0	0	0	3	0	1	0	2	1	0	0	0	0
3554	0	0	0	1	1	1	0	0	0	1	0	1	0	0	0	4	0	3	1	3	0	1	0	0	1
2533	0	0	0	1	0	1	0	0	1	0	0	0	1	0	0	3	0	1	0	1	1	0	0	1	1
3582	0	1	0	0	0	1	0	0	0	0	1	1	1	0	0	2	0	1	0	1	0	1	0	0	3
3068	0	0	0	1	1	1	0	0	0	0	1	1	0	0	0	3	0	2	0	2	0	0	1	0	0
2583	0	0	1	0	0	1	0	0	0	0	1	1	0	0	0	4	1	3	1	2	0	1	0	0	3
3571	1	0	0	0	1	0	0	1	0	0	1	1	1	1	1	3	0	4	0	2	1	0	0	0	3
3078	0	1	0	0	1	1	0	0	0	1	0	1	0	0	0	5	0	2	0	2	1	0	0	0	2
3069	0	1	0	0	1	1	0	0	0	1	0	1	1	1	0	7	0	1	0	2	0	1	0	1	4
2552	0	0	1	0	1	1	0	0	0	1	0	1	0	0	0	3	1	6	3	2	1	0	0	0	0
3564	0	0	0	1	1	1	0	0	0	1	0	1	1	0	0	4	1	1	0	2	0	1	0	0	0
2541	0	0	1	0	1	1	0	0	0	0	1	0	0	1	1	5	0	1	0	1	1	0	0	0	1
3066	0	0	1	0	1	1	0	0	0	0	1	1	0	0	0	2	0	4	2	1	0	0	0	0	3
3076	0	0	1	0	1	1	0	0	0	1	0	1	0	0	0	6	0	4	1	3	0	0	1	0	3
2531	0	0	0	1	1	1	0	0	1	0	0	1	0	0	0	5	1	1	0	2	0	0	0	0	0
1066	0	0	1	0	0	1	0	0	1	0	0	1	1	0	0	3	0	2	1	2	0	0	0	0	0
2522	0	0	1	0	0	1	0	0	0	1	0	1	0	0	0	4	1	1	0	2	1	0	0	0	0
3573	0	0	0	1	1	1	0	0	0	0	1	1	1	0	0	1	0	2	0	2	0	0	1	0	4
2522	0	0	1	0	0	1	0	0	0	0	1	1	0	0	0	5	0	4	2	3	0	1	0	0	0
3068	0	0	1	0	0	1	0	0	0	0	1	1	1	0	1	4	1	3	1	3	0	0	0	0	1
3011	0	0	1	0	0	1	0	0	1	0	0	1	1	1	0	2	1	2	0	2	0	0	0	0	1
2552	0	0	0	1	1	1	0	0	0	0	1	1	0	0	0	7	0	0	0	0	0	0	0	0	0
3521	0	0	1	0	1	1	0	0	0	1	0	1	0	0	1	6	0	3	0	2	0	0	1	0	1
1069	0	1	0	0	1	0	1	0	0	1	0	1	0	0	0	3	0	2	0	2	1	0	0	0	3
2564	0	0	0	1	0	1	0	0	0	1	0	1	0	0	0	5	0	2	0	2	0	1	0	0	0
3511	0	0	1	0	1	1	0	0	1	0	0	1	0	0	0	3	0	1	0	2	1	0	0	0	0
2516	0	0	1	0	1	1	0	0	0	0	1	1	0	0	0	6	0	2	1	2	0	0	1	0	0
2546	0	0	0	1	0	1	0	0	0	1	0	1	0	0	0	3	1	1	0	2	1	0	0	0	3
1066	0	0	1	0	0	1	0	0	0	1	0	1	1	0	0	3	0	3	0	2	0	0	0	0	2
2522	0	0	0	1	1	1	0	0	1	0	0	1	1	1	0	3	0	3	1	2	0	1	0	0	3
2552	0	0	0	1	1	1	0	0	0	1	0	0	1	0	0	1	0	3	0	1	0	1	0	0	1
2552	0	0	0	1	0	1	0	0	1	0	0	1	1	0	0	1	1	3	0	2	0	0	0	0	1
2523	0	0	1	0	0	1	0	0	0	1	0	0	1	1	0	3	1	2	0	2	0	0	0	0	1
1018	0	0	1	0	0	1	0	0	0	0	1	1	1	0	0	3	0	4	1	1	0	0	0	0	2
3533	0	1	0	0	1	1	0	0	0	0	1	1	0	1	0	4	0	2	0	2	0	1	0	0	4
1023	0	0	0	1	0	1	0	0	0	1	0	1	0	0	0	3	0	1	0	2	1	0	0	0	2
3561	0	0	1	0	0	1	0	0	0	1	0	1	0	0	0	5	0	1	0	2	0	0	0	0	0
3078	0	0	1	0	0	1	0	0	0	0	1	1	0	1	0	3	0	4	2	1	0	1	0	0	0
1033	0	0	1	0	1	1	0	0	1	0	0	1	0	0	0	5	1	4	0	2	1	0	0	1	0
3563	0	0	1	0	0	0	1	0	0	0	1	1	1	0	0	0	1	1	0	2	1	0	0	0	2
2541	0	0	0	1	0	1	0	0	1	0	0	1	0	1	0	3	1	1	0	2	1	0	0	0	1
3581	0	0	0	1	1	1	0	0	0	0	1	1	1	0	0	2	0	3	1	2	0	1	0	0	1
1056	0	0	1	0	1	0	1	0	0	0	1	1	0	0	0	2	0	1	0	2	0	0	0	0	0
2574	0	0	0	1	1	1	0	0	0	1	0	1	1	0	0	2	1	2	0	2	0	1	0	0	1
3022	0	1	0	0	1	1	0	0	0	1	0	1	0	0	0	7	0	1	0	1	0	1	0	0	3
2531	0	0	0	1	1	1	0	0	0	1	0	1	1	0	0	1	0	2	0	2	0	1	0	0	1
3525	0	0	0	1	0	1	0	0	0	0	1	1	1	0	0	3	1	2	0	3	0	1	0	0	0
1034	0	0	1	0	1	1	0	0	0	0	1	1	0	1	0	4	0	6	3	3	0	1	0	0	1
2565	0	0	0	1	0	1	0	0	0	0	1	1	1	0	0	3	0	3	1	1	0	1	0	1	2
3583	0	0	0	1	1	1	0	0	0	0	1	1	1	0	0	3	0	3	0	2	0	0	0	0	4
2517	0	0	1	0	1	1	0	0	0	0	1	1	1	0	0	3	0	5	2	3	0	0	1	0	0
2586	0	0	0	1	1	1	0	0	0	0	1	1	0	0	0	3	0	2	0	3	0	1	0	0	2
3563	0	0	1	0	1	1	0	0	0	0	1	1	1	1	0	3	0	1	0	1	1	0	0	0	1
1024	0	0	1	0	0	1	0	0	0	0	1	1	0	0	0	5	0	1	0	2	0	1	0	0	3
3021	0	0	1	0	1	0	1	0	0	0	1	0	1	0	0	1	1	3	1	1	1	0	0	0	1
1017	0	0	1	0	0	1	0	0	0	1	0	1	1	0	0	3	0	1	0	2	0	1	0	0	2
3192	1	0	0	0	1	1	0	0	0	1	0	1	0	0	0	3	0	2	0	2	0	1	0	0	0
2564	0	0	0	1	0	1	0	0	1	0	0	1	1	0	0	3	1	2	0	1	0	0	0	0	0
2547	0	0	0	1	1	1	0	0	0	1	0	1	0	0	0	7	0	1	0	2	0	1	0	0	0
2511	0	1	0	0	1	1	0	0	0	1	0	1	1	0	0	2	0	1	0	1	1	0	0	0	3
2593	0	0	0	1	1	1	0	0	1	0	0	1	1	0	0	3	0	2	0	2	0	1	0	0	0
2573	0	0	0	1	1	1	0	0	1	0	0	1	1	0	0	3	0	1	0	1	1	0	0	1	3
1067	0	1	0	0	1	1	0	0	1	0	0	0	0	1	0	5	0	2	0	1	1	0	0	0	1
2523	0	0	0	1	0	1	0	0	0	1	0	1	0	0	0	3	0	1	0	2	1	0	0	0	0
2514	0	0	0	1	1	1	0	0	0	1	0	1	0	0	0	5	0	4	2	2	0	0	1	0	0
1053	0	0	1	0	0	1	0	0	1	0	0	1	0	0	0	7	0	1	0	2	0	1	0	0	0
2553	0	0	1	0	0	1	0	0	0	1	0	1	1	1	0	3	0	1	0	2	1	0	0	0	2
2512	0	1	0	0	1	1	0	0	0	0	1	1	1	0	0	3	0	1	0	2	1	0	0	1	3
1072	0	0	1	0	0	1	0	0	0	1	0	1	1	0	0	5	0	1	0	2	0	1	0	1	0
2566	0	0	1	0	1	1	0	0	0	0	1	0	1	0	0	3	0	1	0	1	0	1	0	0	1
3522	0	0	1	0	0	0	1	0	0	0	1	1	0	0	0	0	1	2	0	2	1	0	0	0	2
2541	0	0	0	1	1	1	0	0	1	0	0	1	0	0	0	7	1	2	0	1	0	1	0	0	0
1055	0	0	0	1	0	1	0	0	0	1	0	0	1	1	0	2	0	2	0	2	0	1	0	0	1
1052	0	0	1	0	1	1	0	0	0	1	0	1	0	1	0	4	1	1	0	2	0	1	0	1	3
1053	0	0	1	0	0	1	0	0	0	0	1	1	1	0	0	2	0	1	0	2	0	1	0	0	4
2492	0	0	1	0	0	1	0	0	0	1	0	1	0	0	0	3	0	4	2	2	0	1	0	0	1
2517	0	0	0	1	1	1	0	0	0	1	0	1	1	0	0	2	0	2	0	2	0	0	1	0	0
2522	0	0	0	1	1	1	0	0	0	1	0	1	0	0	0	3	0	2	0	2	1	0	0	0	0
2531	0	0	1	0	0	1	0	0	1	0	0	1	1	0	0	3	1	2	0	2	0	0	0	0	0
3024	1	0	0	0	1	0	0	1	1	0	0	0	0	1	0	5	0	4	0	2	1	0	0	0	0
2552	0	0	0	1	1	1	0	0	0	1	0	0	1	0	0	3	0	1	0	1	0	1	0	0	2
2521	0	0	1	0	0	1	0	0	0	1	0	1	1	1	0	2	0	3	1	1	1	0	0	0	1
3056	0	0	1	0	0	1	0	0	0	1	0	1	1	0	0	3	0	4	2	2	0	0	1	0	0
2563	0	0	1	0	1	1	0	0	0	1	0	1	0	0	0	2	0	1	0	2	0	1	0	0	0
2591	0	1	0	0	1	1	0	0	0	0	1	1	1	0	0	1	0	2	0	1	1	0	0	0	2
1051	0	0	1	0	1	1	0	0	0	0	1	1	1	0	1	6	0	1	0	1	0	1	0	0	0
1071	0	0	1	0	1	1	0	0	0	0	1	1	0	0	0	3	0	4	2	2	0	0	1	1	2
2555	0	0	0	1	1	0	1	0	0	0	1	1	0	0	0	5	0	2	0	3	0	0	0	0	0
2546	0	0	1	0	1	1	0	0	1	0	0	1	0	0	0	6	0	1	0	2	0	1	0	0	3
3023	0	1	0	0	1	0	1	0	0	0	1	1	1	1	1	6	0	2	1	3	0	0	1	1	1
3068	0	0	0	1	1	1	0	0	0	0	1	1	0	0	0	2	1	2	0	2	1	0	0	0	0
3511	1	0	0	0	1	1	0	0	0	1	0	0	0	0	0	0	0	1	0	1	1	0	0	0	3
2517	0	0	1	0	1	1	0	0	0	1	0	0	1	0	0	2	0	1	0	1	1	0	0	0	2
3011	0	1	0	0	1	1	0	0	0	0	1	1	0	1	0	3	0	2	0	2	1	0	0	1	0
1092	0	0	1	0	1	1	0	0	0	1	0	1	1	1	0	2	0	5	3	1	0	1	0	1	3
2565	0	0	0	1	1	0	1	0	0	0	1	1	0	0	0	3	0	4	2	2	0	0	1	0	2
3522	0	0	0	1	1	1	0	0	0	1	0	1	0	1	1	5	1	3	0	2	0	0	0	0	1
2517	0	0	0	1	1	0	1	0	0	0	1	1	0	0	0	1	0	2	0	2	0	1	0	0	0
3583	0	0	0	1	0	1	0	0	1	0	0	1	1	0	0	2	1	2	0	2	0	1	0	0	0
2513	0	0	0	1	0	1	0	0	1	0	0	1	1	0	0	3	1	1	0	2	0	0	0	0	0
3526	0	0	0	1	1	0	1	0	0	0	1	1	0	0	0	1	1	0	0	0	0	0	0	0	3
1059	0	0	1	0	1	1	0	0	0	0	1	1	0	1	0	2	0	5	2	4	0	0	1	0	3
3512	0	1	0	0	1	1	0	0	0	0	1	1	1	1	0	5	0	1	0	1	0	1	0	0	1
2584	0	0	1	0	1	1	0	0	1	0	0	1	1	0	0	3	0	3	0	2	0	0	0	0	0
2551	0	0	0	1	0	1	0	0	1	0	0	0	1	0	0	2	1	1	0	1	1	0	0	0	4
2581	0	0	0	1	0	1	0	0	0	1	0	1	0	0	0	3	1	1	0	2	1	0	0	0	3
2594	0	0	0	1	1	1	0	0	0	0	1	1	0	0	0	5	0	2	0	2	0	1	0	1	4
3583	0	0	0	1	0	0	1	0	0	0	1	1	0	0	0	1	0	1	0	2	0	0	0	0	2
2521	0	0	0	1	0	1	0	0	0	1	0	1	0	1	0	3	1	2	0	1	0	1	0	0	1
3527	0	0	0	1	0	1	0	0	0	0	1	0	0	0	1	7	0	1	0	1	0	1	0	0	1
2982	0	0	0	1	1	1	0	0	0	0	1	1	0	0	0	4	0	2	0	3	0	0	1	0	3
3513	0	0	0	1	1	1	0	0	0	1	0	1	1	0	0	3	1	1	0	1	0	0	0	0	1
1057	0	0	0	1	0	0	1	0	0	1	0	1	0	0	0	6	0	2	0	2	0	1	0	0	0
3067	0	0	0	1	1	1	0	0	0	0	1	1	1	0	0	4	0	2	0	2	0	1	0	0	0
3069	0	0	0	1	1	0	1	0	0	0	1	1	0	0	0	1	0	3	0	3	0	1	0	0	0
2565	0	0	0	1	0	1	0	0	0	0	1	1	0	0	0	4	0	1	0	2	0	1	0	0	2
2545	0	0	0	1	1	1	0	0	0	0	1	1	0	0	0	5	0	1	0	3	0	0	1	0	0
3021	0	0	0	1	1	1	0	0	0	0	1	0	0	1	0	4	0	1	0	1	0	1	0	0	1
2552	0	0	0	1	0	1	0	0	1	0	0	1	0	1	0	2	0	2	0	2	0	1	0	0	3
3066	0	0	0	1	0	1	0	0	0	1	0	1	0	0	0	5	1	2	0	3	0	1	0	0	0
3526	0	0	0	1	0	1	0	0	0	1	0	1	0	0	0	6	0	2	0	2	0	0	0	0	1
3067	0	0	0	1	1	0	1	0	0	0	1	1	0	0	0	0	0	2	0	2	0	1	0	0	0
3552	0	1	0	0	1	1	0	0	0	0	1	1	0	0	1	5	1	3	1	2	0	1	0	0	1
1054	0	0	0	1	0	0	1	0	0	0	1	1	1	1	0	3	0	2	0	1	0	1	0	0	0
1071	0	0	0	1	0	1	0	0	0	1	0	1	1	0	0	2	0	2	0	2	0	0	0	0	1
1034	0	0	0	1	0	1	0	0	0	1	0	1	0	1	0	3	0	2	0	1	0	0	0	0	1
3053	0	0	0	1	1	0	0	0	0	0	1	1	1	1	0	3	0	1	0	2	1	0	0	0	1
2597	0	0	0	1	0	0	0	1	0	1	0	1	1	1	0	2	0	1	0	1	1	0	0	0	1
3024	0	1	0	0	1	1	0	0	0	0	1	1	1	0	0	5	0	4	2	2	0	0	0	0	0
3028	0	0	0	1	1	0	0	0	0	1	0	0	0	1	0	4	0	1	0	1	1	0	0	0	1
1058	0	1	0	0	1	1	0	0	0	0	1	1	1	1	0	5	0	0	0	0	0	0	0	0	2
3063	0	0	0	1	0	0	1	0	0	0	1	1	0	0	0	5	0	1	0	2	0	1	0	0	3
2522	0	0	0	1	1	0	1	0	0	0	1	1	0	0	0	4	0	2	0	3	0	1	0	0	0
1018	0	0	1	0	1	0	1	0	0	0	1	1	1	0	0	0	0	2	0	1	0	1	0	1	0
1071	0	0	0	1	1	0	1	0	0	1	0	1	0	0	0	3	0	2	0	2	0	1	0	0	3
1019	0	0	0	1	1	1	0	0	0	0	1	1	0	1	0	2	0	1	0	2	0	0	0	0	1
2524	0	1	0	0	1	1	0	0	1	0	0	1	0	0	0	7	1	4	2	2	0	0	0	0	0
2531	0	0	0	1	1	1	0	0	0	1	0	1	1	0	0	3	1	2	0	2	0	1	0	0	0
2574	0	0	0	1	1	1	0	0	0	1	0	1	0	0	0	2	0	4	0	2	0	1	0	0	0
3515	0	0	0	1	1	1	0	0	0	0	1	1	1	0	1	2	0	2	0	2	0	0	1	0	0
1013	0	0	0	1	1	1	0	0	0	0	1	1	0	1	0	3	0	1	0	1	0	0	0	0	1
1035	0	0	0	1	0	1	0	0	1	0	0	0	0	1	0	3	1	1	0	1	0	0	0	0	1
1095	0	0	0	1	0	1	0	0	0	0	1	1	1	0	0	3	0	1	0	2	0	1	0	0	4
1031	0	0	0	1	1	1	0	0	1	0	0	1	0	0	0	5	0	2	0	1	0	1	0	0	3
1093	0	0	0	1	0	0	0	0	0	1	0	1	1	0	0	2	0	2	0	2	0	0	0	0	2
1019	0	0	0	1	1	0	1	0	0	1	0	1	1	0	0	7	0	1	0	2	0	1	0	0	0
1035	0	0	1	0	1	1	0	0	1	0	0	1	0	0	0	6	0	2	0	3	1	0	0	0	0
1096	0	1	0	0	1	1	0	0	0	0	1	1	1	0	0	2	0	2	0	2	1	0	0	0	1
2492	0	0	0	1	0	1	0	0	1	0	0	0	1	0	0	3	1	1	0	2	0	0	0	0	0
3085	0	0	0	1	0	1	0	0	1	0	0	1	0	0	0	4	1	1	0	2	0	0	0	0	0
1058	0	0	0	1	0	1	0	0	0	0	1	0	1	0	0	3	0	1	0	1	1	0	0	0	1
1066	1	0	0	0	1	1	0	0	0	1	0	1	0	1	0	3	0	3	0	3	0	0	1	0	0
1061	0	0	0	1	0	1	0	0	0	1	0	0	1	0	0	2	0	2	0	2	0	0	0	0	1
1012	0	1	0	0	1	1	0	0	0	0	1	1	1	0	0	1	0	2	0	1	0	1	0	0	1
3583	0	0	1	0	1	1	0	0	0	0	1	1	0	0	0	5	1	1	0	2	0	1	0	0	0
1016	0	0	0	1	1	1	0	0	0	1	0	0	1	0	0	2	0	1	0	1	0	0	0	0	1
2583	0	0	0	1	1	1	0	0	0	1	0	1	1	0	0	3	1	1	0	1	1	0	0	0	1
2533	1	0	0	0	1	0	0	1	0	1	0	0	1	0	0	3	0	2	0	1	0	1	0	0	2
1057	0	0	0	1	1	0	1	0	0	0	1	1	0	0	0	1	0	1	0	4	0	0	1	0	0
2551	0	0	0	1	1	1	0	0	1	0	0	1	0	0	0	4	0	2	0	3	0	0	1	0	4
1018	0	0	0	1	0	1	0	0	0	0	1	1	1	0	0	2	0	1	0	1	0	1	0	0	1
1059	0	0	0	1	1	1	0	0	0	0	1	1	1	1	1	7	0	1	0	2	0	0	1	0	1
2593	0	0	0	1	1	0	1	0	0	0	1	1	0	0	0	4	0	1	0	2	0	1	0	0	0
1069	0	1	0	0	1	1	0	0	0	1	0	1	1	0	0	4	0	4	0	4	0	1	0	0	3
1019	1	0	0	0	1	0	0	1	0	1	0	1	1	1	0	4	0	3	1	1	1	0	0	0	1
1053	0	0	0	1	1	0	1	0	0	0	1	1	1	0	1	6	0	1	0	1	0	1	0	1	1
3069	0	0	0	1	1	0	0	0	0	0	1	1	1	1	0	4	0	5	1	2	0	1	0	0	1
1068	0	0	0	1	1	0	0	0	0	1	0	0	1	1	1	1	0	2	0	2	0	1	0	0	1
3043	0	0	0	1	0	0	1	0	0	0	1	1	0	0	0	5	0	2	0	1	0	1	0	0	4
2582	0	0	0	1	1	0	1	0	0	0	1	1	0	0	0	0	0	4	0	1	0	0	1	0	4
3533	1	0	0	0	1	0	0	1	0	1	0	0	1	0	0	2	0	3	0	3	0	0	1	0	1
1015	0	0	1	0	1	1	0	0	0	0	1	1	0	1	0	5	0	1	0	1	0	0	0	0	1
1013	0	0	0	1	1	0	1	0	0	0	1	1	1	1	0	4	0	1	0	2	0	0	0	0	0
3067	0	0	0	1	1	1	0	0	1	0	0	1	0	0	0	4	0	5	3	2	0	1	0	0	0
3026	0	0	0	1	0	1	0	0	1	0	0	0	0	1	0	4	1	0	0	0	0	0	0	0	1
3525	1	0	0	0	1	0	0	1	0	0	1	1	1	1	0	3	0	0	0	0	0	0	0	0	4
1098	0	0	0	1	1	1	0	0	0	1	0	1	1	0	0	2	0	3	0	1	0	1	0	0	1
3515	0	1	0	0	1	1	0	0	0	0	1	1	1	0	0	2	0	1	0	1	0	1	0	0	2
2531	1	0	0	0	1	0	0	1	0	1	0	0	0	1	0	2	0	3	0	1	0	1	0	0	1
2573	0	0	0	1	1	1	0	0	0	1	0	1	0	1	0	4	1	2	0	1	0	1	0	0	1
1095	0	0	1	0	1	0	1	0	0	0	1	1	1	1	0	5	0	4	2	2	0	1	0	1	3
3584	1	0	0	0	1	0	0	1	0	0	1	0	1	0	0	1	0	1	0	1	1	0	0	0	2
1069	0	0	0	1	1	1	0	0	0	1	0	1	0	0	0	4	0	1	0	2	0	1	0	0	0
3554	0	0	0	1	0	1	0	0	0	0	1	1	1	0	0	2	0	1	0	1	0	1	0	0	2
1069	0	0	0	1	1	1	0	0	0	1	0	1	0	0	0	6	0	0	0	2	0	0	0	0	0
1072	0	1	0	0	1	1	0	0	0	0	1	1	1	0	0	2	0	1	0	2	0	1	0	0	3
2571	0	0	0	1	1	1	0	0	0	1	0	1	0	1	1	5	0	1	0	2	0	1	0	0	1
1064	0	1	0	0	1	1	0	0	0	0	1	1	1	0	0	3	0	2	0	1	0	1	0	0	3
3515	0	0	0	1	1	1	0	0	0	1	0	1	1	0	0	3	0	1	0	2	1	0	0	0	0
2496	0	0	0	1	1	0	1	0	0	1	0	1	0	0	0	4	0	2	0	3	0	1	0	0	3
1025	0	0	0	1	1	1	0	0	0	0	1	0	1	0	0	4	0	0	0	1	0	0	1	0	3
1063	0	0	0	1	1	1	0	0	0	1	0	1	0	0	0	4	1	0	0	2	1	0	0	0	0
3072	0	0	0	1	0	1	0	0	1	0	0	1	0	1	0	3	0	2	0	2	0	0	1	0	1
1059	0	0	0	1	0	1	0	0	0	1	0	0	1	0	0	3	0	2	0	1	0	1	0	0	3
2516	0	0	0	1	1	1	0	0	1	0	0	0	1	0	0	3	1	3	0	2	0	0	0	0	2
3023	0	0	0	1	0	1	0	0	1	0	0	1	1	0	0	2	0	2	0	2	0	0	1	0	2
3051	0	0	0	1	0	1	0	0	0	0	1	1	1	0	1	5	0	2	0	1	0	1	0	0	1
3069	0	0	0	1	1	1	0	0	0	0	1	0	0	1	0	4	0	1	0	1	0	1	0	0	2
2595	0	0	0	1	0	1	0	0	0	1	0	1	0	0	0	3	0	1	0	2	0	0	0	0	0
2552	0	0	0	1	1	0	1	0	0	0	1	1	0	0	0	7	0	2	0	2	0	1	0	0	2
1092	0	0	0	1	1	1	0	0	0	1	0	1	1	0	1	6	0	5	0	2	0	0	1	0	0
1025	0	0	0	1	0	1	0	0	0	0	1	1	0	0	0	3	0	2	0	3	0	0	1	0	4
2555	0	0	0	1	1	1	0	0	0	0	1	1	0	0	0	4	0	4	1	3	0	0	0	0	0
1060	0	0	0	1	1	1	0	0	1	0	0	1	1	0	0	4	0	2	0	2	0	1	0	0	0
1013	0	0	0	1	1	1	0	0	0	1	0	0	0	1	0	4	0	0	0	0	0	0	0	0	1
2552	0	0	0	1	0	0	1	0	0	0	1	1	0	0	0	4	0	1	0	2	1	0	0	0	0
1065	0	0	0	1	0	0	1	0	0	1	0	1	0	0	0	1	0	3	0	2	1	0	0	0	2
2543	0	0	0	1	0	1	0	0	0	0	1	1	0	1	0	2	0	2	0	2	0	0	0	0	2
3584	1	0	0	0	0	0	0	1	0	1	0	1	0	1	1	7	0	3	0	1	1	0	0	1	2
3078	0	1	0	0	1	1	0	0	0	0	1	1	1	0	0	7	0	4	2	2	1	0	0	0	3
1069	0	1	0	0	0	1	0	0	0	0	1	1	1	1	0	3	0	2	0	1	0	1	0	0	3
1022	0	1	0	0	1	1	0	0	0	1	0	1	0	1	1	3	0	3	1	2	1	0	0	0	0
3071	0	0	1	0	0	1	0	0	0	0	1	1	0	1	1	7	0	2	0	2	0	0	1	0	1
2547	0	0	1	0	0	1	0	0	0	0	1	1	0	0	0	4	0	5	3	3	1	0	0	0	0
1019	0	0	1	0	0	1	0	0	0	0	1	1	0	1	0	6	0	3	1	0	0	0	0	0	0
2512	0	0	1	0	0	1	0	0	0	1	0	1	1	1	1	7	0	1	0	1	0	1	0	0	4
3067	0	0	1	0	0	1	0	0	1	0	0	1	0	1	0	4	0	3	0	2	0	1	0	0	0
2512	0	0	1	0	1	1	0	0	1	0	0	0	1	1	0	2	1	1	0	1	1	0	0	0	1
3068	0	0	1	0	1	1	0	0	0	1	0	1	0	1	1	7	1	2	1	2	0	1	0	0	0
2497	1	0	0	0	0	1	0	0	0	0	1	1	0	1	1	6	0	2	0	2	0	0	0	0	0
3531	0	1	0	0	0	1	0	0	0	0	1	1	0	0	1	6	0	1	0	2	0	1	0	1	1
1053	1	0	0	0	0	0	0	1	0	0	1	1	1	0	0	2	0	1	0	1	1	0	0	0	2
1066	1	0	0	0	1	1	0	0	0	0	1	1	1	1	1	7	0	2	0	3	0	0	1	1	0
1076	0	1	0	0	0	1	0	0	1	0	0	0	1	1	0	2	0	2	0	1	0	0	0	1	0
1035	0	0	1	0	0	1	0	0	0	0	1	1	0	0	0	6	0	5	3	2	0	1	0	0	0
3052	0	1	0	0	0	1	0	0	0	1	0	1	0	0	0	3	0	4	2	2	0	0	1	0	0
3512	0	1	0	0	1	1	0	0	0	0	1	1	1	0	1	6	0	2	0	2	0	1	0	0	4
1012	0	1	0	0	0	1	0	0	0	1	0	1	0	1	0	4	0	2	0	1	1	0	0	1	3
3029	0	1	0	0	1	1	0	0	0	0	1	1	0	1	1	6	0	3	0	3	0	1	0	0	0
3543	0	1	0	0	1	1	0	0	0	0	1	1	1	0	0	3	0	1	0	1	0	1	0	0	2
2552	0	0	1	0	0	1	0	0	0	1	0	1	1	0	0	2	1	4	3	2	1	0	0	0	0
1019	0	0	1	0	0	1	0	0	0	0	1	1	0	0	0	5	0	2	0	1	0	0	1	0	0
3582	0	1	0	0	1	0	0	1	0	1	0	1	1	1	0	4	0	1	0	2	0	0	0	0	0
3078	1	0	0	0	0	0	0	1	1	0	0	0	0	1	0	3	1	4	2	2	0	1	0	0	1
3571	1	0	0	0	0	0	0	1	0	0	1	1	1	0	1	7	0	1	0	1	1	0	0	0	3
1097	1	0	0	0	0	0	0	1	0	1	0	1	1	0	0	2	0	1	0	1	1	0	0	0	3
3068	0	0	1	0	1	1	0	0	0	0	1	1	1	0	1	6	0	4	2	2	0	0	0	0	1
1064	0	0	0	1	1	1	0	0	0	0	1	1	0	0	0	4	0	2	0	3	0	0	1	0	0
2511	0	0	1	0	0	0	1	0	0	0	1	1	0	0	0	4	0	0	0	0	0	0	0	0	3
3015	0	1	0	0	0	0	0	1	0	1	0	1	1	1	1	2	0	1	0	2	0	0	0	0	2
1063	1	0	0	0	0	1	0	0	0	1	0	1	0	0	0	5	0	4	0	3	0	0	1	0	0
1095	1	0	0	0	0	0	0	1	0	0	1	1	0	0	1	4	0	3	0	1	1	0	0	0	3
2513	0	1	0	0	0	1	0	0	0	0	1	1	0	0	0	3	0	4	2	3	0	0	0	0	2
3526	1	0	0	0	0	0	0	1	0	1	0	0	1	0	0	3	1	2	0	1	1	0	0	0	1
2573	0	1	0	0	0	1	0	0	0	1	0	1	1	1	0	3	1	2	0	2	1	0	0	0	1
1067	0	0	1	0	1	1	0	0	0	1	0	1	0	0	0	4	0	5	3	2	0	1	0	0	0
3068	0	1	0	0	1	1	0	0	0	1	0	1	0	1	0	4	0	2	0	2	0	1	0	0	0
3526	1	0	0	0	0	0	0	1	0	1	0	1	0	0	1	7	1	3	0	2	1	0	0	0	1
3062	0	0	1	0	1	1	0	0	0	0	1	1	1	1	0	3	0	1	0	2	1	0	0	0	1
3025	0	1	0	0	0	1	0	0	0	0	1	1	0	1	1	5	0	3	1	3	0	1	0	0	3
2513	0	0	1	0	1	1	0	0	0	0	1	1	0	0	0	3	0	2	0	2	0	1	0	0	0
3082	0	0	1	0	0	1	0	0	0	1	0	1	1	0	0	4	0	1	0	2	1	0	0	0	1
3527	0	1	0	0	1	1	0	0	0	0	1	1	1	0	0	4	0	2	0	1	0	1	0	0	2
3078	0	1	0	0	0	1	0	0	1	0	0	1	0	0	0	4	0	2	0	3	0	0	1	0	4
3039	0	0	1	0	0	1	0	0	0	0	1	1	0	0	0	5	1	3	1	2	0	1	0	0	0
3079	1	0	0	0	0	1	0	0	0	0	1	1	0	1	0	7	0	3	1	2	0	1	0	0	2
1067	0	1	0	0	0	1	0	0	0	1	0	1	1	0	0	3	0	4	2	2	0	1	0	0	3
1017	0	0	0	1	0	1	0	0	0	1	0	1	0	0	0	5	0	3	1	2	0	1	0	0	0
3011	1	0	0	0	0	0	0	1	0	1	0	0	1	1	1	2	0	1	0	1	1	0	0	0	0
1069	0	0	1	0	0	1	0	0	0	1	0	1	1	0	0	4	0	2	0	3	0	0	0	0	0
1098	0	0	1	0	0	1	0	0	0	0	1	1	0	0	0	7	0	0	0	0	0	0	0	0	2
3081	0	1	0	0	1	1	0	0	1	0	0	1	0	0	0	5	0	2	1	3	0	1	0	0	0
3077	0	0	1	0	0	1	0	0	0	1	0	1	0	0	0	3	0	3	2	2	0	0	0	0	0
1092	0	0	1	0	0	1	0	0	0	0	1	1	1	0	0	2	0	2	2	1	0	1	0	1	1
3074	1	0	0	0	0	0	0	1	0	1	0	0	1	1	1	7	0	3	1	1	1	0	0	0	2
1083	1	0	0	0	0	0	0	1	0	1	0	1	1	0	0	2	0	1	0	1	1	0	0	0	1
3544	0	0	1	0	1	1	0	0	0	0	1	1	0	0	0	6	0	3	1	3	0	0	1	0	0
2545	0	0	1	0	1	1	0	0	0	1	0	1	0	0	0	3	0	3	1	3	0	1	0	0	0
1068	1	0	0	0	0	0	0	1	0	1	0	1	1	0	0	3	0	3	0	2	0	1	0	0	0
3035	1	0	0	0	1	0	0	1	0	1	0	1	0	0	1	3	0	3	0	2	0	1	0	0	0
1097	0	1	0	0	1	1	0	0	0	1	0	1	1	0	0	3	0	2	0	2	0	0	1	0	2
1071	0	0	1	0	0	1	0	0	0	0	1	1	0	1	0	2	0	1	0	2	0	0	1	0	0
1016	0	1	0	0	1	1	0	0	0	0	1	1	0	0	0	7	0	2	0	2	0	1	0	0	2
1019	0	0	1	0	0	1	0	0	0	0	1	1	0	1	0	5	0	3	1	2	0	1	0	0	0
3086	0	1	0	0	0	1	0	0	0	1	0	0	0	1	0	4	1	3	0	1	1	0	0	0	0
2492	1	0	0	0	0	0	0	1	0	1	0	0	1	1	0	5	0	4	1	3	0	0	0	0	0
3034	0	1	0	0	1	1	0	0	0	1	0	1	1	0	0	4	0	2	0	3	0	1	0	0	0
3052	1	0	0	0	0	0	0	1	0	1	0	0	0	1	0	5	1	2	0	2	1	0	0	0	1
1053	1	0	0	0	0	0	0	1	0	1	0	1	1	0	0	2	0	1	0	1	1	0	0	0	3
3083	0	0	1	0	1	1	0	0	0	1	0	0	1	0	0	3	0	5	3	2	0	1	0	0	1
1060	0	1	0	0	0	1	0	0	0	1	0	1	0	0	0	3	1	0	0	0	0	0	0	0	0
1069	0	0	1	0	0	0	1	0	0	1	0	1	0	0	0	2	0	2	0	2	0	1	0	0	4
3029	0	1	0	0	0	1	0	0	0	0	1	1	0	0	0	4	1	3	1	2	0	1	0	0	3
3563	0	0	1	0	1	1	0	0	0	0	1	0	1	1	1	5	0	1	0	1	0	1	0	0	1
3526	0	1	0	0	1	1	0	0	0	0	1	1	0	0	0	2	0	2	0	2	1	0	0	0	3
1069	0	0	1	0	0	1	0	0	1	0	0	1	0	0	0	3	1	2	0	2	1	0	0	0	0
2518	0	1	0	0	0	0	0	1	0	1	0	1	1	0	0	2	0	1	0	1	1	0	0	0	0
2515	1	0	0	0	1	0	0	1	0	1	0	1	0	1	0	3	1	4	0	2	0	0	0	0	0
2583	0	1	0	0	0	1	0	0	0	0	1	1	0	0	0	4	0	3	1	3	0	1	0	1	2
2574	0	1	0	0	1	1	0	0	0	1	0	1	1	1	0	5	0	1	0	2	0	0	0	0	0
3038	1	0	0	0	0	0	0	1	0	1	0	0	1	1	1	4	0	1	0	1	1	0	0	0	4
2593	1	0	0	0	0	1	0	0	1	0	0	1	1	0	0	4	1	3	0	2	0	1	0	0	0
3032	0	0	0	1	0	1	0	0	0	0	1	1	1	0	0	2	0	2	0	2	0	1	0	0	1
1019	0	1	0	0	1	1	0	0	0	0	1	1	0	0	0	5	0	0	0	0	0	0	0	0	0
1012	0	0	0	1	1	1	0	0	1	0	0	1	0	1	0	2	1	1	0	1	1	0	0	0	1
1060	1	0	0	0	0	0	0	1	0	1	0	1	1	1	0	3	0	5	0	2	0	0	1	0	4
2531	0	1	0	0	1	1	0	0	0	0	1	1	1	0	0	4	0	1	0	1	0	1	0	0	4
3081	1	0	0	0	0	1	0	0	0	1	0	1	0	0	0	3	1	1	0	2	1	0	0	0	3
3031	0	0	0	1	0	1	0	0	1	0	0	0	0	1	0	4	0	1	0	1	0	1	0	0	2
3042	0	0	0	1	0	1	0	0	0	1	0	1	0	0	0	7	1	1	0	1	0	1	0	0	0
3037	0	0	1	0	0	1	0	0	0	0	1	1	1	0	0	2	0	4	2	2	0	0	1	0	1
1091	0	0	1	0	1	1	0	0	0	0	1	1	1	1	0	3	0	1	0	2	0	1	0	0	1
3011	0	0	1	0	1	1	0	0	0	0	1	1	0	0	0	7	0	1	0	1	0	0	1	0	3
1082	0	0	1	0	0	0	1	0	0	1	0	1	0	0	0	3	0	6	1	2	0	1	0	1	0
1060	0	1	0	0	0	1	0	0	0	0	1	1	0	0	0	4	0	3	1	2	0	1	0	0	0
1087	1	0	0	0	0	0	0	1	0	1	0	1	0	1	0	2	0	2	0	1	0	1	0	0	3
1094	0	0	1	0	0	0	1	0	0	1	0	1	1	1	1	6	0	1	0	2	1	0	0	0	3
3078	1	0	0	0	0	1	0	0	0	1	0	1	0	1	0	3	1	2	0	3	1	0	0	0	0
2521	0	1	0	0	0	1	0	0	0	0	1	1	1	0	0	1	0	3	0	2	0	1	0	0	1
1073	0	0	0	1	1	1	0	0	1	0	0	1	1	0	0	3	1	0	0	2	1	0	0	0	3
1067	0	0	0	1	1	1	0	0	1	0	0	1	0	0	0	3	0	4	0	2	1	0	0	0	2
1065	1	0	0	0	1	1	0	0	0	0	1	1	1	0	0	5	0	12	7	2	0	0	0	1	3
1033	0	1	0	0	0	1	0	0	0	0	1	1	0	0	0	5	0	2	0	3	0	1	0	0	0
2552	0	0	1	0	1	1	0	0	0	0	1	0	0	1	0	2	0	2	0	1	0	1	0	0	1
3061	0	0	1	0	1	1	0	0	0	1	0	0	1	0	0	3	0	1	0	1	0	0	1	0	0
2563	0	1	0	0	1	1	0	0	0	1	0	1	0	0	0	4	0	1	0	3	0	1	0	1	0
3533	0	0	1	0	1	0	1	0	0	0	1	1	0	0	0	1	0	1	0	2	0	0	1	0	2
3075	1	0	0	0	0	0	0	1	1	0	0	1	1	1	0	2	0	2	0	1	0	1	0	0	1
3555	0	1	0	0	1	1	0	0	0	0	1	1	1	0	0	2	0	3	1	2	0	1	0	0	2
1060	0	0	1	0	0	1	0	0	0	0	1	1	0	0	0	3	0	3	1	2	0	0	1	0	0
3512	1	0	0	0	0	1	0	0	0	1	0	1	0	1	0	5	1	5	0	1	1	0	0	0	1
3514	1	0	0	0	0	0	0	1	0	0	1	1	1	0	1	7	0	5	0	2	1	0	0	0	0
3038	0	0	1	0	1	1	0	0	0	0	1	1	1	0	0	3	0	3	1	3	0	0	1	0	2
2565	0	0	0	1	1	0	1	0	1	0	0	1	0	0	0	7	1	2	0	2	0	1	0	0	0
1067	0	1	0	0	0	0	0	1	0	1	0	1	0	0	0	6	0	3	0	3	0	0	0	0	0
3581	0	1	0	0	0	0	0	1	0	1	0	1	1	1	0	2	0	1	0	2	1	0	0	0	2
2521	0	1	0	0	0	1	0	0	0	0	1	0	0	1	1	5	0	4	2	2	0	1	0	0	0
2584	0	1	0	0	0	1	0	0	0	0	1	1	1	1	1	4	0	1	0	2	1	0	0	0	4
3526	0	0	1	0	0	1	0	0	1	0	0	1	0	0	0	6	1	4	2	1	1	0	0	0	0
1012	0	1	0	0	0	1	0	0	0	0	1	1	1	0	0	3	0	2	0	2	0	1	0	0	3
